# freq (MHz), bmcorr
5.001220699999999653e+01 1.005819268115942133e+00
5.006103499999999684e+01 1.005809782608695579e+00
5.010986299999999716e+01 1.005800275362318530e+00
5.015869099999999747e+01 1.005790775362318534e+00
5.020752000000000237e+01 1.005781239130435267e+00
5.025634800000000268e+01 1.005771753623188269e+00
5.030517600000000300e+01 1.005762210144927948e+00
5.035400400000000332e+01 1.005752666666666073e+00
5.040283199999999653e+01 1.005743159420289912e+00
5.045165999999999684e+01 1.005733565217391323e+00
5.050048799999999716e+01 1.005724021739131002e+00
5.054931599999999747e+01 1.005714471014492961e+00
5.059814500000000237e+01 1.005704884057971427e+00
5.064697300000000268e+01 1.005695318840580388e+00
5.069580100000000300e+01 1.005685760869565737e+00
5.074462900000000332e+01 1.005676181159419924e+00
5.079345699999999653e+01 1.005666608695652275e+00
5.084228499999999684e+01 1.005657043478261237e+00
5.089111299999999716e+01 1.005647456521739258e+00
5.093994099999999747e+01 1.005637913043478271e+00
5.098877000000000237e+01 1.005628289855072133e+00
5.103759800000000268e+01 1.005618782608695971e+00
5.108642600000000300e+01 1.005609159420289611e+00
5.113525400000000332e+01 1.005599601449275404e+00
5.118408199999999653e+01 1.005590014492753648e+00
5.123290999999999684e+01 1.005580471014493105e+00
5.128173799999999716e+01 1.005570869565217462e+00
5.133056599999999747e+01 1.005561275362318874e+00
5.137939500000000237e+01 1.005551731884058331e+00
5.142822300000000268e+01 1.005542202898550785e+00
5.147705100000000300e+01 1.005532659420290020e+00
5.152587900000000332e+01 1.005523028985507272e+00
5.157470699999999653e+01 1.005513492753622895e+00
5.162353499999999684e+01 1.005503934782608466e+00
5.167236299999999716e+01 1.005494384057971091e+00
5.172119099999999747e+01 1.005484811594202332e+00
5.177002000000000237e+01 1.005475224637680576e+00
5.181884800000000268e+01 1.005465695652173919e+00
5.186767600000000300e+01 1.005456152173913154e+00
5.191650400000000332e+01 1.005446565217391175e+00
5.196533199999999653e+01 1.005437057971014569e+00
5.201415999999999684e+01 1.005427492753622865e+00
5.206298799999999716e+01 1.005417920289855660e+00
5.211181599999999747e+01 1.005408376811594451e+00
5.216064500000000237e+01 1.005398840579709852e+00
5.220947300000000268e+01 1.005389275362319035e+00
5.225830100000000300e+01 1.005379775362318595e+00
5.230712900000000332e+01 1.005370195652174337e+00
5.235595699999999653e+01 1.005360594202898250e+00
5.240478499999999684e+01 1.005351065217392037e+00
5.245361299999999716e+01 1.005341521739130384e+00
5.250244099999999747e+01 1.005331971014493231e+00
5.255127000000000237e+01 1.005322427536231578e+00
5.260009800000000268e+01 1.005312949275362522e+00
5.264892600000000300e+01 1.005303376811593985e+00
5.269775400000000332e+01 1.005293768115942621e+00
5.274658199999999653e+01 1.005284231884057800e+00
5.279540999999999684e+01 1.005274724637680750e+00
5.284423799999999716e+01 1.005265159420289489e+00
5.289306599999999747e+01 1.005255623188405778e+00
5.294189500000000237e+01 1.005246137681159224e+00
5.299072300000000268e+01 1.005236521739130362e+00
5.303955100000000300e+01 1.005226999999999871e+00
5.308837900000000332e+01 1.005217507246376485e+00
5.313720699999999653e+01 1.005207913043478340e+00
5.318603499999999684e+01 1.005198413043477679e+00
5.323486299999999716e+01 1.005188876811593746e+00
5.328369099999999747e+01 1.005179362318840308e+00
5.333252000000000237e+01 1.005169797101449491e+00
5.338134800000000268e+01 1.005160282608695388e+00
5.343017600000000300e+01 1.005150789855072446e+00
5.347900400000000332e+01 1.005141260869565345e+00
5.352783199999999653e+01 1.005131746376812130e+00
5.357665999999999684e+01 1.005122231884058470e+00
5.362548799999999716e+01 1.005112731884057808e+00
5.367431599999999747e+01 1.005103289855072246e+00
5.372314500000000237e+01 1.005093760869565367e+00
5.377197300000000268e+01 1.005084239130434431e+00
5.382080100000000300e+01 1.005074804347825701e+00
5.386962900000000332e+01 1.005065268115941990e+00
5.391845699999999653e+01 1.005055840579710313e+00
5.396728499999999684e+01 1.005046369565217423e+00
5.401611299999999716e+01 1.005036898550724089e+00
5.406494099999999747e+01 1.005027543478260732e+00
5.411377000000000237e+01 1.005018065217391454e+00
5.416259800000000268e+01 1.005008623188406114e+00
5.421142600000000300e+01 1.004999253623188205e+00
5.426025400000000332e+01 1.004989840579710414e+00
5.430908199999999653e+01 1.004980427536231957e+00
5.435790999999999684e+01 1.004971043478260606e+00
5.440673799999999716e+01 1.004961637681158981e+00
5.445556599999999747e+01 1.004952268115942182e+00
5.450439500000000237e+01 1.004942942028985486e+00
5.455322300000000268e+01 1.004933536231884306e+00
5.460205100000000300e+01 1.004924224637680608e+00
5.465087900000000332e+01 1.004914905797101632e+00
5.469970699999999653e+01 1.004905579710144714e+00
5.474853499999999684e+01 1.004896239130435021e+00
5.479736299999999716e+01 1.004886971014492758e+00
5.484619099999999747e+01 1.004877659420290392e+00
5.489502000000000237e+01 1.004868405797101572e+00
5.494384800000000268e+01 1.004859101449275594e+00
5.499267600000000300e+01 1.004849826086956277e+00
5.504150400000000332e+01 1.004840557971014903e+00
5.509033199999999653e+01 1.004831326086956134e+00
5.513915999999999684e+01 1.004822166666666794e+00
5.518798799999999716e+01 1.004812884057970868e+00
5.523681599999999747e+01 1.004803695652174422e+00
5.528564500000000237e+01 1.004794485507246371e+00
5.533447300000000268e+01 1.004785275362318986e+00
5.538330100000000300e+01 1.004776086956521874e+00
5.543212900000000332e+01 1.004766905797101817e+00
5.548095699999999653e+01 1.004757731884057925e+00
5.552978499999999684e+01 1.004748543478261258e+00
5.557861299999999716e+01 1.004739362318840534e+00
5.562744099999999747e+01 1.004730173913043645e+00
5.567627000000000237e+01 1.004720985507246533e+00
5.572509800000000268e+01 1.004711847826087023e+00
5.577392600000000300e+01 1.004702739130435063e+00
5.582275400000000332e+01 1.004693572463768225e+00
5.587158199999999653e+01 1.004684442028985103e+00
5.592040999999999684e+01 1.004675282608695541e+00
5.596923799999999716e+01 1.004666159420289251e+00
5.601806599999999747e+01 1.004656956521738920e+00
5.606689500000000237e+01 1.004647797101449136e+00
5.611572300000000268e+01 1.004638644927536184e+00
5.616455100000000300e+01 1.004629500000000064e+00
5.621337900000000332e+01 1.004620362318840110e+00
5.626220699999999653e+01 1.004611195652173938e+00
5.631103499999999684e+01 1.004602028985507101e+00
5.635986299999999716e+01 1.004592876811594371e+00
5.640869099999999747e+01 1.004583681159420205e+00
5.645752000000000237e+01 1.004574478260869874e+00
5.650634800000000268e+01 1.004565275362318877e+00
5.655517600000000300e+01 1.004556101449275207e+00
5.660400400000000332e+01 1.004546934782608814e+00
5.665283199999999653e+01 1.004537724637681428e+00
5.670165999999999684e+01 1.004528427536232282e+00
5.675048799999999716e+01 1.004519137681159080e+00
5.679931599999999747e+01 1.004509992753623404e+00
5.684814500000000237e+01 1.004500673913043540e+00
5.689697300000000268e+01 1.004491442028985659e+00
5.694580100000000300e+01 1.004482137681158571e+00
5.699462900000000332e+01 1.004472818840580040e+00
5.704345699999999653e+01 1.004463456521738740e+00
5.709228499999999684e+01 1.004454166666666870e+00
5.714111299999999716e+01 1.004444789855072351e+00
5.718994099999999747e+01 1.004435391304348224e+00
5.723877000000000237e+01 1.004426043478261033e+00
5.728759800000000268e+01 1.004416630434782576e+00
5.733642600000000300e+01 1.004407253623188279e+00
5.738525400000000332e+01 1.004397804347826550e+00
5.743408199999999653e+01 1.004388326086957051e+00
5.748290999999999684e+01 1.004378891304347654e+00
5.753173799999999716e+01 1.004369369565217607e+00
5.758056599999999747e+01 1.004359869565217167e+00
5.762939500000000237e+01 1.004350297101449518e+00
5.767822300000000268e+01 1.004340804347825911e+00
5.772705100000000300e+01 1.004331217391304820e+00
5.777587900000000332e+01 1.004321666666666779e+00
5.782470699999999653e+01 1.004311985507246208e+00
5.787353499999999684e+01 1.004302355072463904e+00
5.792236299999999716e+01 1.004292710144927936e+00
5.797119099999999747e+01 1.004283007246377091e+00
5.802002000000000237e+01 1.004273369565217511e+00
5.806884800000000268e+01 1.004263579710145349e+00
5.811767600000000300e+01 1.004253855072463786e+00
5.816650400000000332e+01 1.004244115942029447e+00
5.821533199999999653e+01 1.004234318840579343e+00
5.826415999999999684e+01 1.004224485507246412e+00
5.831298799999999716e+01 1.004214717391304745e+00
5.836181599999999747e+01 1.004204891304348646e+00
5.841064500000000237e+01 1.004195043478260496e+00
5.845947300000000268e+01 1.004185115942028972e+00
5.850830100000000300e+01 1.004175173913043562e+00
5.855712900000000332e+01 1.004165268115941867e+00
5.860595699999999653e+01 1.004155289855072741e+00
5.865478499999999684e+01 1.004145376811593771e+00
5.870361299999999716e+01 1.004135413043478309e+00
5.875244099999999747e+01 1.004125427536232351e+00
5.880127000000000237e+01 1.004115391304348126e+00
5.885009800000000268e+01 1.004105340579710015e+00
5.889892600000000300e+01 1.004095275362318684e+00
5.894775400000000332e+01 1.004085224637681018e+00
5.899658199999999653e+01 1.004075094202898200e+00
5.904540999999999684e+01 1.004065007246377261e+00
5.909423799999999716e+01 1.004054876811593999e+00
5.914306599999999747e+01 1.004044659420289198e+00
5.919189500000000237e+01 1.004034521739130437e+00
5.924072300000000268e+01 1.004024376811594177e+00
5.928955100000000300e+01 1.004014144927536822e+00
5.933837900000000332e+01 1.004003985507246455e+00
5.938720699999999653e+01 1.003993717391304274e+00
5.943603499999999684e+01 1.003983485507246254e+00
5.948486299999999716e+01 1.003973202898550410e+00
5.953369099999999747e+01 1.003962942028985728e+00
5.958252000000000237e+01 1.003952615942028892e+00
5.963134800000000268e+01 1.003942355072463322e+00
5.968017600000000300e+01 1.003932072463767700e+00
5.972900400000000332e+01 1.003921666666666823e+00
5.977783199999999653e+01 1.003911326086956546e+00
5.982665999999999684e+01 1.003900971014493049e+00
5.987548799999999716e+01 1.003890637681159603e+00
5.992431599999999747e+01 1.003880231884058061e+00
5.997314500000000237e+01 1.003869847826087458e+00
6.002197300000000268e+01 1.003859449275362525e+00
6.007080100000000300e+01 1.003848985507246327e+00
6.011962900000000332e+01 1.003838507246377132e+00
6.016845699999999653e+01 1.003828130434782473e+00
6.021728499999999684e+01 1.003817695652173825e+00
6.026611299999999716e+01 1.003807166666666584e+00
6.031494099999999747e+01 1.003796731884057936e+00
6.036377000000000237e+01 1.003786181159419755e+00
6.041259800000000268e+01 1.003775710144927835e+00
6.046142600000000300e+01 1.003765188405797426e+00
6.051025400000000332e+01 1.003754652173912909e+00
6.055908199999999653e+01 1.003744101449275616e+00
6.060790999999999684e+01 1.003733543478260604e+00
6.065673799999999716e+01 1.003723028985507471e+00
6.070556599999999747e+01 1.003712420289855078e+00
6.075439500000000237e+01 1.003701862318840288e+00
6.080322300000000268e+01 1.003691231884058066e+00
6.085205100000000300e+01 1.003680615942029508e+00
6.090087900000000332e+01 1.003669985507245954e+00
6.094970699999999653e+01 1.003659384057971060e+00
6.099853499999999684e+01 1.003648782608695278e+00
6.104736299999999716e+01 1.003638144927536224e+00
6.109619099999999747e+01 1.003627478260869843e+00
6.114502000000000237e+01 1.003616760869565416e+00
6.119384800000000268e+01 1.003606108695651811e+00
6.124267600000000300e+01 1.003595471014493201e+00
6.129150400000000332e+01 1.003584753623188552e+00
6.134033199999999653e+01 1.003574050724637567e+00
6.138915999999999684e+01 1.003563297101448759e+00
6.143798799999999716e+01 1.003552615942029158e+00
6.148681599999999747e+01 1.003541891304348344e+00
6.153564500000000237e+01 1.003531166666667085e+00
6.158447300000000268e+01 1.003520376811594561e+00
6.163330100000000300e+01 1.003509673913043576e+00
6.168212900000000332e+01 1.003498876811593998e+00
6.173095699999999653e+01 1.003488144927536130e+00
6.177978499999999684e+01 1.003477246376811127e+00
6.182861299999999716e+01 1.003466514492753259e+00
6.187744099999999747e+01 1.003455681159419743e+00
6.192627000000000237e+01 1.003444905797101550e+00
6.197509800000000268e+01 1.003434108695652860e+00
6.202392600000000300e+01 1.003423246376811351e+00
6.207275400000000332e+01 1.003412420289854223e+00
6.212158199999999653e+01 1.003401601449275926e+00
6.217040999999999684e+01 1.003390775362319021e+00
6.221923799999999716e+01 1.003379876811594018e+00
6.226806599999999747e+01 1.003369014492754063e+00
6.231689500000000237e+01 1.003358166666666884e+00
6.236572300000000268e+01 1.003347289855072377e+00
6.241455100000000300e+01 1.003336384057970543e+00
6.246337900000000332e+01 1.003325536231884252e+00
6.251220699999999653e+01 1.003314608695652366e+00
6.256103499999999684e+01 1.003303782608695460e+00
6.260986299999999716e+01 1.003292847826087186e+00
6.265869099999999747e+01 1.003281949275362406e+00
6.270752000000000237e+01 1.003271000000000246e+00
6.275634800000000268e+01 1.003260079710144970e+00
6.280517600000000300e+01 1.003249166666666969e+00
6.285400400000000332e+01 1.003238239130434861e+00
6.290283199999999653e+01 1.003227297101449311e+00
6.295165999999999684e+01 1.003216355072463983e+00
6.300048799999999716e+01 1.003205427536231875e+00
6.304931599999999747e+01 1.003194471014493327e+00
6.309814500000000237e+01 1.003183507246377060e+00
6.314697300000000268e+01 1.003172579710144952e+00
6.319580100000000300e+01 1.003161615942029128e+00
6.324462900000000332e+01 1.003150644927536472e+00
6.329345699999999653e+01 1.003139659420289709e+00
6.334228499999999684e+01 1.003128746376811486e+00
6.339111299999999716e+01 1.003117760869565167e+00
6.343994099999999747e+01 1.003106768115942016e+00
6.348877000000000237e+01 1.003095768115942477e+00
6.353759800000000268e+01 1.003084804347826209e+00
6.358642600000000300e+01 1.003073818840579667e+00
6.363525400000000332e+01 1.003062818840579462e+00
6.368408199999999653e+01 1.003051818840579701e+00
6.373290999999999684e+01 1.003040826086956328e+00
6.378173799999999716e+01 1.003029855072463228e+00
6.383056599999999747e+01 1.003018913043478122e+00
6.387939500000000237e+01 1.003007891304348087e+00
6.392822300000000268e+01 1.002996840579710280e+00
6.397705100000000300e+01 1.002985927536231614e+00
6.402587900000000332e+01 1.002974891304348137e+00
6.407470700000000363e+01 1.002963869565217436e+00
6.412353500000000395e+01 1.002952847826086735e+00
6.417236300000000426e+01 1.002941804347825983e+00
6.422119100000000458e+01 1.002930840579710825e+00
6.427002000000000237e+01 1.002919876811593891e+00
6.431884800000000268e+01 1.002908847826086580e+00
6.436767600000000300e+01 1.002897826086956767e+00
6.441650400000000332e+01 1.002886804347826066e+00
6.446533200000000363e+01 1.002875731884058208e+00
6.451416000000000395e+01 1.002864775362318550e+00
6.456298800000000426e+01 1.002853753623188737e+00
6.461181600000000458e+01 1.002842644927536275e+00
6.466064500000000237e+01 1.002831608695651910e+00
6.470947300000000268e+01 1.002820586956521653e+00
6.475830100000000300e+01 1.002809565217391619e+00
6.480712900000000332e+01 1.002798528985507032e+00
6.485595700000000363e+01 1.002787478260868781e+00
6.490478500000000395e+01 1.002776391304347259e+00
6.495361300000000426e+01 1.002765340579710784e+00
6.500244100000000458e+01 1.002754297101449810e+00
6.505127000000000237e+01 1.002743231884058339e+00
6.510009800000000268e+01 1.002732152173912539e+00
6.514892600000000300e+01 1.002721079710145347e+00
6.519775400000000332e+01 1.002709949275361945e+00
6.524658200000000363e+01 1.002698862318839756e+00
6.529541000000000395e+01 1.002687804347826006e+00
6.534423800000000426e+01 1.002676688405797822e+00
6.539306600000000458e+01 1.002665623188406130e+00
6.544189500000000237e+01 1.002654456521739013e+00
6.549072300000000268e+01 1.002643311594203279e+00
6.553955100000000300e+01 1.002632166666667102e+00
6.558837900000000332e+01 1.002621036231883478e+00
6.563720700000000363e+01 1.002609862318840195e+00
6.568603500000000395e+01 1.002598724637681293e+00
6.573486300000000426e+01 1.002587594202898780e+00
6.578369100000000458e+01 1.002576405797101611e+00
6.583252000000000237e+01 1.002565202898550556e+00
6.588134800000000268e+01 1.002553927536232292e+00
6.593017600000000300e+01 1.002542746376811289e+00
6.597900400000000332e+01 1.002531536231883846e+00
6.602783200000000363e+01 1.002520210144926871e+00
6.607666000000000395e+01 1.002508971014492767e+00
6.612548800000000426e+01 1.002497702898550891e+00
6.617431600000000458e+01 1.002486420289855351e+00
6.622314500000000237e+01 1.002475130434782313e+00
6.627197300000000268e+01 1.002463840579709720e+00
6.632080100000000300e+01 1.002452492753623581e+00
6.636962900000000332e+01 1.002441159420289996e+00
6.641845700000000363e+01 1.002429804347826137e+00
6.646728500000000395e+01 1.002418471014492773e+00
6.651611300000000426e+01 1.002407021739130544e+00
6.656494100000000458e+01 1.002395579710145146e+00
6.661377000000000237e+01 1.002384159420290244e+00
6.666259800000000268e+01 1.002372688405797296e+00
6.671142600000000300e+01 1.002361268115941728e+00
6.676025400000000332e+01 1.002349782608695783e+00
6.680908200000000363e+01 1.002338297101448950e+00
6.685791000000000395e+01 1.002326775362319067e+00
6.690673800000000426e+01 1.002315253623188740e+00
6.695556600000000458e+01 1.002303702898551085e+00
6.700439500000000237e+01 1.002292050724637784e+00
6.705322300000000268e+01 1.002280521739130181e+00
6.710205100000000300e+01 1.002268898550723986e+00
6.715087900000000332e+01 1.002257253623188182e+00
6.719970700000000363e+01 1.002245557971014556e+00
6.724853500000000395e+01 1.002233949275362468e+00
6.729736300000000426e+01 1.002222173913043690e+00
6.734619100000000458e+01 1.002210471014492787e+00
6.739502000000000237e+01 1.002198746376811389e+00
6.744384800000000268e+01 1.002186956521739170e+00
6.749267600000000300e+01 1.002175202898550666e+00
6.754150400000000332e+01 1.002163333333333073e+00
6.759033200000000363e+01 1.002151565217391127e+00
6.763916000000000395e+01 1.002139666666666873e+00
6.768798800000000426e+01 1.002127739130435291e+00
6.773681600000000458e+01 1.002115869565217476e+00
6.778564500000000237e+01 1.002103862318840299e+00
6.783447300000000268e+01 1.002091992753622707e+00
6.788330100000000300e+01 1.002079927536231541e+00
6.793212900000000332e+01 1.002067949275362135e+00
6.798095700000000363e+01 1.002055963768115898e+00
6.802978500000000395e+01 1.002043869565217404e+00
6.807861300000000426e+01 1.002031775362318688e+00
6.812744100000000458e+01 1.002019615942028707e+00
6.817627000000000237e+01 1.002007521739130436e+00
6.822509800000000268e+01 1.001995347826087235e+00
6.827392600000000300e+01 1.001983152173913316e+00
6.832275400000000332e+01 1.001970978260869449e+00
6.837158200000000363e+01 1.001958724637681541e+00
6.842041000000000395e+01 1.001946391304348039e+00
6.846923800000000426e+01 1.001934050724637704e+00
6.851806600000000458e+01 1.001921746376811750e+00
6.856689500000000237e+01 1.001909420289855079e+00
6.861572300000000268e+01 1.001897036231884197e+00
6.866455100000000300e+01 1.001884630434783041e+00
6.871337900000000332e+01 1.001872144927536068e+00
6.876220700000000363e+01 1.001859673913043425e+00
6.881103500000000395e+01 1.001847231884057887e+00
6.885986300000000426e+01 1.001834710144927865e+00
6.890869100000000458e+01 1.001822130434782743e+00
6.895752000000000237e+01 1.001809543478260789e+00
6.900634800000000268e+01 1.001796905797101900e+00
6.905517600000000300e+01 1.001784253623188681e+00
6.910400400000000332e+01 1.001771623188405513e+00
6.915283200000000363e+01 1.001758862318840704e+00
6.920166000000000395e+01 1.001746173913043325e+00
6.925048800000000426e+01 1.001733405797101462e+00
6.929931600000000458e+01 1.001720557971014447e+00
6.934814500000000237e+01 1.001707775362318920e+00
6.939697300000000268e+01 1.001694927536231905e+00
6.944580100000000300e+01 1.001682014492753625e+00
6.949462900000000332e+01 1.001669130434782451e+00
6.954345700000000363e+01 1.001656173913043624e+00
6.959228500000000395e+01 1.001643188405796803e+00
6.964111300000000426e+01 1.001630166666666266e+00
6.968994100000000458e+01 1.001617137681160008e+00
6.973877000000000237e+01 1.001604094202898754e+00
6.978759800000000268e+01 1.001590971014492570e+00
6.983642600000000300e+01 1.001577847826087275e+00
6.988525400000000332e+01 1.001564681159420545e+00
6.993408200000000363e+01 1.001551442028985051e+00
6.998291000000000395e+01 1.001538231884058439e+00
7.003173800000000426e+01 1.001524949275362619e+00
7.008056600000000458e+01 1.001511717391304401e+00
7.012939500000000237e+01 1.001498318840579493e+00
7.017822300000000268e+01 1.001484963768116021e+00
7.022705100000000300e+01 1.001471572463768167e+00
7.027587900000000332e+01 1.001458195652173755e+00
7.032470700000000363e+01 1.001444731884058026e+00
7.037353500000000395e+01 1.001431275362318907e+00
7.042236300000000426e+01 1.001417666666666983e+00
7.047119100000000458e+01 1.001404086956521722e+00
7.052002000000000237e+01 1.001390557971014506e+00
7.056884800000000268e+01 1.001376934782608252e+00
7.061767600000000300e+01 1.001363289855071947e+00
7.066650400000000332e+01 1.001349601449275983e+00
7.071533200000000363e+01 1.001335884057970915e+00
7.076416000000000395e+01 1.001322152173913071e+00
7.081298800000000426e+01 1.001308376811594458e+00
7.086181600000000458e+01 1.001294449275361931e+00
7.091064500000000237e+01 1.001280731884058417e+00
7.095947300000000268e+01 1.001266746376811456e+00
7.100830100000000300e+01 1.001252891304347470e+00
7.105712900000000332e+01 1.001238920289854839e+00
7.110595700000000363e+01 1.001225007246377086e+00
7.115478500000000395e+01 1.001210913043478090e+00
7.120361300000000426e+01 1.001196934782608849e+00
7.125244100000000458e+01 1.001182789855072475e+00
7.130127000000000237e+01 1.001168673913043428e+00
7.135009800000000268e+01 1.001154550724637993e+00
7.139892600000000300e+01 1.001140347826087407e+00
7.144775400000000332e+01 1.001126123188405659e+00
7.149658200000000363e+01 1.001111869565217027e+00
7.154541000000000395e+01 1.001097579710144680e+00
7.159423800000000426e+01 1.001083268115942060e+00
7.164306600000000458e+01 1.001068956521739439e+00
7.169189500000000237e+01 1.001054594202898995e+00
7.174072300000000268e+01 1.001040144927536346e+00
7.178955100000000300e+01 1.001025731884057635e+00
7.183837900000000332e+01 1.001011188405796837e+00
7.188720700000000363e+01 1.000996739130435298e+00
7.193603500000000395e+01 1.000982159420289896e+00
7.198486300000000426e+01 1.000967565217391275e+00
7.203369100000000458e+01 1.000952905797102055e+00
7.208252000000000237e+01 1.000938289855072272e+00
7.213134800000000268e+01 1.000923630434782163e+00
7.218017600000000300e+01 1.000908913043478732e+00
7.222900400000000332e+01 1.000894166666666418e+00
7.227783200000000363e+01 1.000879362318840116e+00
7.232666000000000395e+01 1.000864586956522695e+00
7.237548800000000426e+01 1.000849731884057459e+00
7.242431600000000458e+01 1.000834847826087337e+00
7.247314500000000237e+01 1.000819927536231502e+00
7.252197300000000268e+01 1.000804985507246281e+00
7.257080100000000300e+01 1.000789978260869795e+00
7.261962900000000332e+01 1.000775007246376580e+00
7.266845700000000363e+01 1.000759891304348059e+00
7.271728500000000395e+01 1.000744826086956696e+00
7.276611300000000426e+01 1.000729746376811669e+00
7.281494100000000458e+01 1.000714550724637775e+00
7.286377000000000237e+01 1.000699398550724428e+00
7.291259800000000268e+01 1.000684195652174813e+00
7.296142600000000300e+01 1.000668942028985153e+00
7.301025400000000332e+01 1.000653644927536279e+00
7.305908200000000363e+01 1.000638318840579855e+00
7.310791000000000395e+01 1.000622978260869544e+00
7.315673800000000426e+01 1.000607615942028961e+00
7.320556600000000458e+01 1.000592144927536564e+00
7.325439500000000237e+01 1.000576717391304271e+00
7.330322300000000268e+01 1.000561217391304325e+00
7.335205100000000300e+01 1.000545659420290390e+00
7.340087900000000332e+01 1.000530115942029230e+00
7.344970700000000363e+01 1.000514463768116036e+00
7.349853500000000395e+01 1.000498876811594773e+00
7.354736300000000426e+01 1.000483246376811852e+00
7.359619100000000458e+01 1.000467485507246401e+00
7.364502000000000237e+01 1.000451746376811668e+00
7.369384800000000268e+01 1.000436057971014536e+00
7.374267600000000300e+01 1.000420217391304378e+00
7.379150400000000332e+01 1.000404333333333673e+00
7.384033200000000363e+01 1.000388478260869629e+00
7.388916000000000395e+01 1.000372536231884046e+00
7.393798800000000426e+01 1.000356601449275074e+00
7.398681600000000458e+01 1.000340572463768174e+00
7.403564500000000237e+01 1.000324536231884220e+00
7.408447300000000268e+01 1.000308478260869549e+00
7.413330100000000300e+01 1.000292347826087003e+00
7.418212900000000332e+01 1.000276253623188172e+00
7.423095700000000363e+01 1.000259992753623317e+00
7.427978500000000395e+01 1.000243855072463495e+00
7.432861300000000426e+01 1.000227601449275028e+00
7.437744100000000458e+01 1.000211289855072572e+00
7.442627000000000237e+01 1.000194876811594247e+00
7.447509800000000268e+01 1.000178608695652338e+00
7.452392600000000300e+01 1.000162202898549957e+00
7.457275400000000332e+01 1.000145710144927369e+00
7.462158200000000363e+01 1.000129181159420844e+00
7.467041000000000395e+01 1.000112688405796701e+00
7.471923800000000426e+01 1.000096094202898467e+00
7.476806600000000458e+01 1.000079478260869736e+00
7.481689500000000237e+01 1.000062855072462842e+00
7.486572300000000268e+01 1.000046181159419456e+00
7.491455100000000300e+01 1.000029463768116633e+00
7.496337900000000332e+01 1.000012507246376359e+00
7.501220700000000363e+01 9.999957942028979696e-01
7.506103500000000395e+01 9.999789239130435492e-01
7.510986300000000426e+01 9.999620224637675303e-01
7.515869100000000458e+01 9.999450673913042875e-01
7.520752000000000237e+01 9.999280797101455232e-01
7.525634800000000268e+01 9.999110413043478252e-01
7.530517600000000300e+01 9.998939623188408676e-01
7.535400400000000332e+01 9.998768413043477299e-01
7.540283200000000363e+01 9.998596746376809952e-01
7.545166000000000395e+01 9.998424586956524696e-01
7.550048800000000426e+01 9.998252043478264017e-01
7.554931600000000458e+01 9.998079065217388983e-01
7.559814500000000237e+01 9.997905615942029867e-01
7.564697300000000268e+01 9.997731731884061945e-01
7.569580100000000300e+01 9.997557355072462792e-01
7.574462900000000332e+01 9.997382572463765493e-01
7.579345700000000363e+01 9.997207318840576340e-01
7.584228500000000395e+01 9.997031550724639892e-01
7.589111300000000426e+01 9.996855369565215144e-01
7.593994100000000458e+01 9.996678673913049762e-01
7.598877000000000237e+01 9.996501586956527685e-01
7.603759800000000268e+01 9.996323927536228116e-01
7.608642600000000300e+01 9.996145876811597386e-01
7.613525400000000332e+01 9.995967333333333205e-01
7.618408200000000363e+01 9.995788326086959552e-01
7.623291000000000395e+01 9.995608782608697007e-01
7.628173800000000426e+01 9.995428782608691831e-01
7.633056600000000458e+01 9.995248318840578294e-01
7.637939500000000237e+01 9.995067275362319315e-01
7.642822300000000268e+01 9.994885840579705860e-01
7.647705100000000300e+01 9.994703869565216836e-01
7.652587900000000332e+01 9.994521413043478963e-01
7.657470700000000363e+01 9.994338499999999570e-01
7.662353500000000395e+01 9.994155007246370293e-01
7.667236300000000426e+01 9.993971130434783356e-01
7.672119100000000458e+01 9.993786637681156826e-01
7.677002000000000237e+01 9.993601695652175598e-01
7.681884800000000268e+01 9.993416202898551814e-01
7.686767600000000300e+01 9.993230289855070669e-01
7.691650400000000332e+01 9.993043702898545266e-01
7.696533200000000363e+01 9.992856753623191590e-01
7.701416000000000395e+01 9.992669217391302316e-01
7.706298800000000426e+01 9.992481224637681514e-01
7.711181600000000458e+01 9.992292652173908607e-01
7.716064500000000237e+01 9.992103565217386185e-01
7.720947300000000268e+01 9.991913978260871243e-01
7.725830100000000300e+01 9.991723818840572147e-01
7.730712900000000332e+01 9.991533173913045296e-01
7.735595700000000363e+01 9.991342007246380996e-01
7.740478500000000395e+01 9.991150260869562372e-01
7.745361300000000426e+01 9.990958043478264106e-01
7.750244100000000458e+01 9.990765275362318842e-01
7.755127000000000237e+01 9.990571963768116737e-01
7.760009800000000268e+01 9.990378086956523962e-01
7.764892600000000300e+01 9.990183731884059171e-01
7.769775400000000332e+01 9.989988746376812223e-01
7.774658200000000363e+01 9.989793260869563873e-01
7.779541000000000395e+01 9.989597268115943951e-01
7.784423800000000426e+01 9.989400724637680362e-01
7.789306600000000458e+01 9.989203572463777325e-01
7.794189500000000237e+01 9.989005920289855123e-01
7.799072300000000268e+01 9.988807724637683849e-01
7.803955100000000300e+01 9.988608942028982529e-01
7.808837900000000332e+01 9.988409666666667741e-01
7.813720700000000363e+01 9.988209789855074794e-01
7.818603500000000395e+01 9.988009355072465789e-01
7.823486300000000426e+01 9.987808376811591060e-01
7.828369100000000458e+01 9.987606884057970147e-01
7.833252000000000237e+01 9.987404811594208232e-01
7.838134800000000268e+01 9.987202159420291991e-01
7.843017600000000300e+01 9.986998913043477755e-01
7.847900400000000332e+01 9.986795166666664336e-01
7.852783200000000363e+01 9.986590847826090078e-01
7.857666000000000395e+01 9.986385963768112939e-01
7.862548800000000426e+01 9.986180528985506566e-01
7.867431600000000458e+01 9.985974463768114706e-01
7.872314500000000237e+01 9.985767898550720334e-01
7.877197300000000268e+01 9.985560753623188290e-01
7.882080100000000300e+01 9.985353101449272462e-01
7.886962900000000332e+01 9.985144739130437097e-01
7.891845700000000363e+01 9.984935934782612765e-01
7.896728500000000395e+01 9.984726500000001836e-01
7.901611300000000426e+01 9.984516557971013784e-01
7.906494100000000458e+01 9.984305971014495462e-01
7.911377000000000237e+01 9.984094818840579810e-01
7.916259800000000268e+01 9.983883144927537812e-01
7.921142600000000300e+01 9.983670847826082717e-01
7.926025400000000332e+01 9.983458028985509047e-01
7.930908200000000363e+01 9.983244652173910438e-01
7.935791000000000395e+01 9.983030652173912056e-01
7.940673800000000426e+01 9.982816115942030333e-01
7.945556600000000458e+01 9.982600956521743285e-01
7.950439500000000237e+01 9.982385246376814791e-01
7.955322300000000268e+01 9.982168920289857805e-01
7.960205100000000300e+01 9.981952086956521475e-01
7.965087900000000332e+01 9.981734688405801137e-01
7.969970700000000363e+01 9.981516702898552973e-01
7.974853500000000395e+01 9.981298101449278537e-01
7.979736300000000426e+01 9.981078884057974498e-01
7.984619100000000458e+01 9.980859144927538562e-01
7.989502000000000237e+01 9.980638797101450965e-01
7.994384800000000268e+01 9.980417913043475586e-01
7.999267600000000300e+01 9.980196442028985704e-01
8.004150400000000332e+01 9.979974347826082726e-01
8.009033200000000363e+01 9.979751688405793519e-01
8.013916000000000395e+01 9.979528528985509572e-01
8.018798800000000426e+01 9.979304681159417711e-01
8.023681600000000458e+01 9.979080275362317565e-01
8.028564500000000237e+01 9.978855333333328526e-01
8.033447300000000268e+01 9.978629688405793452e-01
8.038330100000000300e+01 9.978403543478258086e-01
8.043212900000000332e+01 9.978176847826084606e-01
8.048095700000000363e+01 9.977949478260871308e-01
8.052978500000000395e+01 9.977721550724630850e-01
8.057861300000000426e+01 9.977493050724635104e-01
8.062744100000000458e+01 9.977263927536232924e-01
8.067627000000000237e+01 9.977034217391306248e-01
8.072509800000000268e+01 9.976803963768122729e-01
8.077392600000000300e+01 9.976573086956525005e-01
8.082275400000000332e+01 9.976341586956525287e-01
8.087158200000000363e+01 9.976109507246373465e-01
8.092041000000000395e+01 9.975876833333334748e-01
8.096923800000000426e+01 9.975643572463764874e-01
8.101806600000000458e+01 9.975409659420286790e-01
8.106689500000000237e+01 9.975175166666659932e-01
8.111572300000000268e+01 9.974940086956526342e-01
8.116455100000000300e+01 9.974704369565221551e-01
8.121337900000000332e+01 9.974468101449276425e-01
8.126220700000000363e+01 9.974231159420291482e-01
8.131103500000000395e+01 9.973993608695650437e-01
8.135986300000000426e+01 9.973755521739130492e-01
8.140869100000000458e+01 9.973516695652171471e-01
8.145752000000000237e+01 9.973277376811598982e-01
8.150634800000000268e+01 9.973037340579715693e-01
8.155517600000000300e+01 9.972796717391299026e-01
8.160400400000000332e+01 9.972555449275365413e-01
8.165283200000000363e+01 9.972313623188404641e-01
8.170166000000000395e+01 9.972071094202898944e-01
8.175048800000000426e+01 9.971827927536233149e-01
8.179931600000000458e+01 9.971584239130435456e-01
8.184814500000000237e+01 9.971339804347828517e-01
8.189697300000000268e+01 9.971094826086954743e-01
8.194580100000000300e+01 9.970849101449273943e-01
8.199462900000000332e+01 9.970602775362318315e-01
8.204345700000000363e+01 9.970355826086955142e-01
8.209228500000000395e+01 9.970108231884052818e-01
8.214111300000000426e+01 9.969860021739127554e-01
8.218994100000000458e+01 9.969611115942029755e-01
8.223877000000000237e+01 9.969361586956522192e-01
8.228759800000000268e+01 9.969111376811591319e-01
8.233642600000000300e+01 9.968860478260872515e-01
8.238525400000000332e+01 9.968608992753628106e-01
8.243408200000000363e+01 9.968356826086953726e-01
8.248291000000000395e+01 9.968103956521737752e-01
8.253173800000000426e+01 9.967850507246384106e-01
8.258056600000000458e+01 9.967596275362320402e-01
8.262939500000000237e+01 9.967341471014488086e-01
8.267822300000000268e+01 9.967086000000001667e-01
8.272705100000000300e+01 9.966829797101446342e-01
8.277587900000000332e+01 9.966572985507247129e-01
8.282470700000000363e+01 9.966315463768115057e-01
8.287353500000000395e+01 9.966057210144927403e-01
8.292236300000000426e+01 9.965798326086953152e-01
8.297119100000000458e+01 9.965538775362319246e-01
8.302002000000000237e+01 9.965278507246375650e-01
8.306884800000000268e+01 9.965017601449274176e-01
8.311767600000000300e+01 9.964755956521740288e-01
8.316650400000000332e+01 9.964493637681155480e-01
8.321533200000000363e+01 9.964230586956523972e-01
8.326416000000000395e+01 9.963966949275361307e-01
8.331298800000000426e+01 9.963702543478263340e-01
8.336181600000000458e+01 9.963437427536230295e-01
8.341064500000000237e+01 9.963171623188404880e-01
8.345947300000000268e+01 9.962905115942028988e-01
8.350830100000000300e+01 9.962637942028990112e-01
8.355712900000000332e+01 9.962370007246382775e-01
8.360595700000000363e+01 9.962101449275360121e-01
8.365478500000000395e+01 9.961832043478257015e-01
8.370361300000000426e+01 9.961562021739137629e-01
8.375244100000000458e+01 9.961291275362317288e-01
8.380127000000000237e+01 9.961019782608687700e-01
8.385009800000000268e+01 9.960747608695649236e-01
8.389892600000000300e+01 9.960474710144926469e-01
8.394775400000000332e+01 9.960201101449278616e-01
8.399658200000000363e+01 9.959926753623187246e-01
8.404541000000000395e+01 9.959651623188400249e-01
8.409423800000000426e+01 9.959375884057972694e-01
8.414306600000000458e+01 9.959099275362321979e-01
8.419189500000000237e+01 9.958822036231882446e-01
8.424072300000000268e+01 9.958544072463765273e-01
8.428955100000000300e+01 9.958265304347828639e-01
8.433837900000000332e+01 9.957985840579710590e-01
8.438720700000000363e+01 9.957705630434781074e-01
8.443603500000000395e+01 9.957424659420289759e-01
8.448486300000000426e+01 9.957142862318834053e-01
8.453369100000000458e+01 9.956860471014497005e-01
8.458252000000000237e+01 9.956577275362319401e-01
8.463134800000000268e+01 9.956293304347826334e-01
8.468017600000000300e+01 9.956008565217395745e-01
8.472900400000000332e+01 9.955722985507245992e-01
8.477783200000000363e+01 9.955436731884056423e-01
8.482666000000000395e+01 9.955149731884063158e-01
8.487548800000000426e+01 9.954861876811594845e-01
8.492431600000000458e+01 9.954573275362315066e-01
8.497314500000000237e+01 9.954283949275367638e-01
8.502197300000000268e+01 9.953993826086959817e-01
8.507080100000000300e+01 9.953702833333336608e-01
8.511962900000000332e+01 9.953411123188402598e-01
8.516845700000000363e+01 9.953118579710147351e-01
8.521728500000000395e+01 9.952825275362314761e-01
8.526611300000000426e+01 9.952531137681155382e-01
8.531494100000000458e+01 9.952236181159418438e-01
8.536377000000000237e+01 9.951940405797103928e-01
8.541259800000000268e+01 9.951643891304350342e-01
8.546142600000000300e+01 9.951346434782608608e-01
8.551025400000000332e+01 9.951048166666666139e-01
8.555908200000000363e+01 9.950749137681158540e-01
8.560791000000000395e+01 9.950449202898551393e-01
8.565673800000000426e+01 9.950148536231880891e-01
8.570556600000000458e+01 9.949846884057976792e-01
8.575439500000000237e+01 9.949544449275365965e-01
8.580322300000000268e+01 9.949241144927537528e-01
8.585205100000000300e+01 9.948936985507247366e-01
8.590087900000000332e+01 9.948631876811595554e-01
8.594970700000000363e+01 9.948326000000001779e-01
8.599853500000000395e+01 9.948019224637686397e-01
8.604736300000000426e+01 9.947711507246372875e-01
8.609619100000000458e+01 9.947402949275359063e-01
8.614502000000000237e+01 9.947093514492749700e-01
8.619384800000000268e+01 9.946783144927531239e-01
8.624267600000000300e+01 9.946471891304348167e-01
8.629150400000000332e+01 9.946159681159419952e-01
8.634033200000000363e+01 9.945846521739134527e-01
8.638916000000000395e+01 9.945532514492754217e-01
8.643798800000000426e+01 9.945217543478257483e-01
8.648681600000000458e+01 9.944901652173918638e-01
8.653564500000000237e+01 9.944584840579709928e-01
8.658447300000000268e+01 9.944267086956521950e-01
8.663330100000000300e+01 9.943948333333332279e-01
8.668212900000000332e+01 9.943628666666667337e-01
8.673095700000000363e+01 9.943308050724634084e-01
8.677978500000000395e+01 9.942986456521740735e-01
8.682861300000000426e+01 9.942663913043479074e-01
8.687744100000000458e+01 9.942340362318836666e-01
8.692627000000000237e+01 9.942015884057969766e-01
8.697509800000000268e+01 9.941690369565212571e-01
8.702392600000000300e+01 9.941363913043478329e-01
8.707275400000000332e+01 9.941036434782606346e-01
8.712158200000000363e+01 9.940707978260873157e-01
8.717041000000000395e+01 9.940378536231883055e-01
8.721923800000000426e+01 9.940048094202897921e-01
8.726806600000000458e+01 9.939716659420291256e-01
8.731689500000000237e+01 9.939384210144924792e-01
8.736572300000000268e+01 9.939050746376811851e-01
8.741455100000000300e+01 9.938716304347823272e-01
8.746337900000000332e+01 9.938380818840577557e-01
8.751220700000000363e+01 9.938044318840579816e-01
8.756103500000000395e+01 9.937706826086958323e-01
8.760986300000000426e+01 9.937368297101453196e-01
8.765869100000000458e+01 9.937028710144929500e-01
8.770752000000000237e+01 9.936688101449273613e-01
8.775634800000000268e+01 9.936346514492750970e-01
8.780517600000000300e+01 9.936003891304344693e-01
8.785400400000000332e+01 9.935660260869566551e-01
8.790283200000000363e+01 9.935315557971015066e-01
8.795166000000000395e+01 9.934969833333329170e-01
8.800048800000000426e+01 9.934623065217392801e-01
8.804931600000000458e+01 9.934275282608697744e-01
8.809814500000000237e+01 9.933926398550724235e-01
8.814697300000000268e+01 9.933576565217393517e-01
8.819580100000000300e+01 9.933225652173908182e-01
8.824462900000000332e+01 9.932873746376816859e-01
8.829345700000000363e+01 9.932520775362319032e-01
8.834228500000000395e+01 9.932166739130435795e-01
8.839111300000000426e+01 9.931811739130431693e-01
8.843994100000000458e+01 9.931455536231881265e-01
8.848877000000000237e+01 9.931098449275361784e-01
8.853759800000000268e+01 9.930740231884062075e-01
8.858642600000000300e+01 9.930381036231884506e-01
8.863525400000000332e+01 9.930020760869572305e-01
8.868408200000000363e+01 9.929659434782608374e-01
8.873291000000000395e+01 9.929297050724641416e-01
8.878173800000000426e+01 9.928933688405797708e-01
8.883056600000000458e+01 9.928569181159421220e-01
8.887939500000000237e+01 9.928203688405798921e-01
8.892822300000000268e+01 9.927837123188403279e-01
8.897705100000000300e+01 9.927469521739133995e-01
8.902587900000000332e+01 9.927100811594197216e-01
8.907470700000000363e+01 9.926731123188403672e-01
8.912353500000000395e+01 9.926360376811593778e-01
8.917236300000000426e+01 9.925988499999995884e-01
8.922119100000000458e+01 9.925615565217389413e-01
8.927002000000000237e+01 9.925241572463771034e-01
8.931884800000000268e+01 9.924866528985506475e-01
8.936767600000000300e+01 9.924490427536230008e-01
8.941650400000000332e+01 9.924113217391304920e-01
8.946533200000000363e+01 9.923734963768109374e-01
8.951416000000000395e+01 9.923355623188405694e-01
8.956298800000000426e+01 9.922975188405801505e-01
8.961181600000000458e+01 9.922593586956521827e-01
8.966064500000000237e+01 9.922210963768111069e-01
8.970947300000000268e+01 9.921827239130434073e-01
8.975830100000000300e+01 9.921442427536232289e-01
8.980712900000000332e+01 9.921056442028989286e-01
8.985595700000000363e+01 9.920669369565218165e-01
8.990478500000000395e+01 9.920281210144926698e-01
8.995361300000000426e+01 9.919891884057970843e-01
9.000244100000000458e+01 9.919501442028987315e-01
9.005127000000000237e+01 9.919109898550719784e-01
9.010009800000000268e+01 9.918717137681157814e-01
9.014892600000000300e+01 9.918323246376814506e-01
9.019775400000000332e+01 9.917928224637677648e-01
9.024658200000000363e+01 9.917531985507248571e-01
9.029541000000000395e+01 9.917134652173907883e-01
9.034423800000000426e+01 9.916736101449276086e-01
9.039306600000000458e+01 9.916336347826087971e-01
9.044189500000000237e+01 9.915935449275359304e-01
9.049072300000000268e+01 9.915533260869565657e-01
9.053955100000000300e+01 9.915129934782611620e-01
9.058837900000000332e+01 9.914725420289861590e-01
9.063720700000000363e+01 9.914319586956529262e-01
9.068603500000000395e+01 9.913912630434779105e-01
9.073486300000000426e+01 9.913504362318834584e-01
9.078369100000000458e+01 9.913094920289857725e-01
9.083252000000000237e+01 9.912684166666664298e-01
9.088134800000000268e+01 9.912272108695652229e-01
9.093017600000000300e+01 9.911858847826081620e-01
9.097900400000000332e+01 9.911444369565224344e-01
9.102783200000000363e+01 9.911028601449275444e-01
9.107666000000000395e+01 9.910611442028981477e-01
9.112548800000000426e+01 9.910193065217397512e-01
9.117431600000000458e+01 9.909773442028985135e-01
9.122314500000000237e+01 9.909352456521741681e-01
9.127197300000000268e+01 9.908930137681163375e-01
9.132080100000000300e+01 9.908506601449270645e-01
9.136962900000000332e+01 9.908081724637681775e-01
9.141845700000000363e+01 9.907655463768109128e-01
9.146728500000000395e+01 9.907227927536231826e-01
9.151611300000000426e+01 9.906799065217385403e-01
9.156494100000000458e+01 9.906368862318838397e-01
9.161377000000000237e+01 9.905937340579710204e-01
9.166259800000000268e+01 9.905504456521742052e-01
9.171142600000000300e+01 9.905070304347823873e-01
9.176025400000000332e+01 9.904634710144928356e-01
9.180908200000000363e+01 9.904197905797100798e-01
9.185791000000000395e+01 9.903759688405796568e-01
9.190673800000000426e+01 9.903320144927534319e-01
9.195556600000000458e+01 9.902879297101448985e-01
9.200439500000000237e+01 9.902437057971011924e-01
9.205322300000000268e+01 9.901993485507248893e-01
9.210205100000000300e+01 9.901548666666663001e-01
9.215087900000000332e+01 9.901102413043476602e-01
9.219970700000000363e+01 9.900654891304349059e-01
9.224853500000000395e+01 9.900206057971011608e-01
9.229736300000000426e+01 9.899755847826084976e-01
9.234619100000000458e+01 9.899304369565218309e-01
9.239502000000000237e+01 9.898851550724639958e-01
9.244384800000000268e+01 9.898397420289857251e-01
9.249267600000000300e+01 9.897941985507247020e-01
9.254150400000000332e+01 9.897485260869565149e-01
9.259033200000000363e+01 9.897027202898553977e-01
9.263916000000000395e+01 9.896567934782607434e-01
9.268798800000000426e+01 9.896107289855070599e-01
9.273681600000000458e+01 9.895645405797102168e-01
9.278564500000000237e+01 9.895182210144928270e-01
9.283447300000000268e+01 9.894717768115933731e-01
9.288330100000000300e+01 9.894252079710145198e-01
9.293212900000000332e+01 9.893785130434781250e-01
9.298095700000000363e+01 9.893316905797100436e-01
9.302978500000000395e+01 9.892847485507243466e-01
9.307861300000000426e+01 9.892376760869568963e-01
9.312744100000000458e+01 9.891904811594196545e-01
9.317627000000000237e+01 9.891431601449273137e-01
9.322509800000000268e+01 9.890957159420291633e-01
9.327392600000000300e+01 9.890481514492757142e-01
9.332275400000000332e+01 9.890004615942026289e-01
9.337158200000000363e+01 9.889526521739131493e-01
9.342041000000000395e+01 9.889047159420293331e-01
9.346923800000000426e+01 9.888566644927537785e-01
9.351806600000000458e+01 9.888084876811596979e-01
9.356689500000000237e+01 9.887601847826088530e-01
9.361572300000000268e+01 9.887117586956527537e-01
9.366455100000000300e+01 9.886632159420287724e-01
9.371337900000000332e+01 9.886145528985506026e-01
9.376220700000000363e+01 9.885657557971015974e-01
9.381103500000000395e+01 9.885168463768112534e-01
9.385986300000000426e+01 9.884678123188402887e-01
9.390869100000000458e+01 9.884186507246373044e-01
9.395752000000000237e+01 9.883693673913039879e-01
9.400634800000000268e+01 9.883199536231889182e-01
9.405517600000000300e+01 9.882704202898552337e-01
9.410400400000000332e+01 9.882207528985507139e-01
9.415283200000000363e+01 9.881709724637681713e-01
9.420166000000000395e+01 9.881210471014496566e-01
9.425048800000000426e+01 9.880709971014487447e-01
9.429931600000000458e+01 9.880208166666667458e-01
9.434814500000000237e+01 9.879704985507241632e-01
9.439697300000000268e+01 9.879200572463767704e-01
9.444580100000000300e+01 9.878694702898549451e-01
9.449462900000000332e+01 9.878187528985507004e-01
9.454345700000000363e+01 9.877678971014497433e-01
9.459228500000000395e+01 9.877169021739130583e-01
9.464111300000000426e+01 9.876657637681157675e-01
9.468994100000000458e+01 9.876144876811590034e-01
9.473877000000000237e+01 9.875630572463767187e-01
9.478759800000000268e+01 9.875114913043480103e-01
9.483642600000000300e+01 9.874597695652174156e-01
9.488525400000000332e+01 9.874079043478262152e-01
9.493408200000000363e+01 9.873558826086951123e-01
9.498291000000000395e+01 9.873037152173909092e-01
9.503173800000000426e+01 9.872513797101449828e-01
9.508056600000000458e+01 9.871988942028984138e-01
9.512939500000000237e+01 9.871462478260863982e-01
9.517822300000000268e+01 9.870934420289855238e-01
9.522705100000000300e+01 9.870404739130433924e-01
9.527587900000000332e+01 9.869873398550724763e-01
9.532470700000000363e+01 9.869340434782613025e-01
9.537353500000000395e+01 9.868805797101452004e-01
9.542236300000000426e+01 9.868269442028986260e-01
9.547119100000000458e+01 9.867731456521742217e-01
9.552002000000000237e+01 9.867191739130430905e-01
9.556884800000000268e+01 9.866650311594206135e-01
9.561767600000000300e+01 9.866107173913044592e-01
9.566650400000000332e+01 9.865562311594207046e-01
9.571533200000000363e+01 9.865015702898553007e-01
9.576416000000000395e+01 9.864467326086959753e-01
9.581298800000000426e+01 9.863917231884057335e-01
9.586181600000000458e+01 9.863365434782608299e-01
9.591064500000000237e+01 9.862811855072459721e-01
9.595947300000000268e+01 9.862256543478258308e-01
9.600830100000000300e+01 9.861699557971016494e-01
9.605712900000000332e+01 9.861140876811599343e-01
9.610595700000000363e+01 9.860580413043479320e-01
9.615478500000000395e+01 9.860018340579703722e-01
9.620361300000000426e+01 9.859454536231881949e-01
9.625244100000000458e+01 9.858889086956527104e-01
9.630127000000000237e+01 9.858321992753622531e-01
9.635009800000000268e+01 9.857753347826084811e-01
9.639892600000000300e+01 9.857183094202901508e-01
9.644775400000000332e+01 9.856611282608691571e-01
9.649658200000000363e+01 9.856037956521739307e-01
9.654541000000000395e+01 9.855463210144927988e-01
9.659423800000000426e+01 9.854886891304350804e-01
9.664306600000000458e+01 9.854309268115941656e-01
9.669189500000000237e+01 9.853730224637677892e-01
9.674072300000000268e+01 9.853149913043472985e-01
9.678955100000000300e+01 9.852568260869563055e-01
9.683837900000000332e+01 9.851985413043480300e-01
9.688720700000000363e+01 9.851401391304343003e-01
9.693603500000000395e+01 9.850816224637678475e-01
9.698486300000000426e+01 9.850230050724635422e-01
9.703369100000000458e+01 9.849642753623191194e-01
9.708252000000000237e+01 9.849054492753623880e-01
9.713134800000000268e+01 9.848465391304342953e-01
9.718017600000000300e+01 9.847875405797100745e-01
9.722900400000000332e+01 9.847284557971016650e-01
9.727783200000000363e+01 9.846693065217394514e-01
9.732666000000000395e+01 9.846100789855073421e-01
9.737548800000000426e+01 9.845507920289859882e-01
9.742431600000000458e+01 9.844914449275368185e-01
9.747314500000000237e+01 9.844320376811588336e-01
9.752197300000000268e+01 9.843725884057971109e-01
9.757080100000000300e+01 9.843130971014488750e-01
9.761962900000000332e+01 9.842535579710142146e-01
9.766845700000000363e+01 9.841939869565218268e-01
9.771728500000000395e+01 9.841343826086954572e-01
9.776611300000000426e+01 9.840747485507250758e-01
9.781494100000000458e+01 9.840150833333332070e-01
9.786377000000000237e+01 9.839553869565219602e-01
9.791259800000000268e+01 9.838956782608695439e-01
9.796142600000000300e+01 9.838359362318838119e-01
9.801025400000000332e+01 9.837761760869561112e-01
9.805908200000000363e+01 9.837163898550722596e-01
9.810791000000000395e+01 9.836565710144928865e-01
9.815673800000000426e+01 9.835967268115940465e-01
9.820556600000000458e+01 9.835368427536234082e-01
9.825439500000000237e+01 9.834769159420289064e-01
9.830322300000000268e+01 9.834169528985508002e-01
9.835205100000000300e+01 9.833569355072460105e-01
9.840087900000000332e+01 9.832968500000000001e-01
9.844970700000000363e+01 9.832367014492754409e-01
9.849853500000000395e+01 9.831764579710146057e-01
9.854736300000000426e+01 9.831161260869570873e-01
9.859619100000000458e+01 9.830556775362325750e-01
9.864502000000000237e+01 9.829951108695654804e-01
9.869384800000000268e+01 9.829343884057969438e-01
9.874267600000000300e+01 9.828735130434782530e-01
9.879150400000000332e+01 9.828124485507251373e-01
9.884033200000000363e+01 9.827511702898551471e-01
9.888916000000000395e+01 9.826896579710140411e-01
9.893798800000000426e+01 9.826278869565217011e-01
9.898681600000000458e+01 9.825658217391303184e-01
9.903564500000000237e+01 9.825034442028984794e-01
9.908447300000000268e+01 9.824407043478260437e-01
9.913330100000000300e+01 9.823775710144930784e-01
9.918212900000000332e+01 9.823140152173914785e-01
9.923095700000000363e+01 9.822499898550726138e-01
9.927978500000000395e+01 9.821854442028988830e-01
9.932861300000000426e+01 9.821203514492747866e-01
9.937744100000000458e+01 9.820546550724641444e-01
9.942627000000000237e+01 9.819883021739139739e-01
9.947509800000000268e+01 9.819212420289857857e-01
9.952392600000000300e+01 9.818534246376812158e-01
9.957275400000000332e+01 9.817847913043481478e-01
9.962158200000000363e+01 9.817152818840577666e-01
9.967041000000000395e+01 9.816448311594201392e-01
9.971923800000000426e+01 9.815733833333328828e-01
9.976806600000000458e+01 9.815008630434779446e-01
9.981689500000000237e+01 9.814272072463772201e-01
9.986572300000000268e+01 9.813523427536229304e-01
9.991455100000000300e+01 9.812761963768112938e-01
9.996337900000000332e+01 9.811986884057966041e-01
