#freq  loss  loss_temp bmcorr[t_amb=296]
50.0122  0.995683  1.27778  1.00523
50.061  0.995711  1.26946  1.00523
50.1099  0.995739  1.26128  1.00522
50.1587  0.995766  1.25324  1.00521
50.2075  0.995793  1.24534  1.0052
50.2563  0.995819  1.23757  1.00519
50.3052  0.995845  1.22994  1.00518
50.354  0.99587  1.22245  1.00517
50.4028  0.995895  1.21509  1.00517
50.4517  0.995919  1.20787  1.00516
50.5005  0.995943  1.20077  1.00515
50.5493  0.995967  1.19381  1.00514
50.5981  0.99599  1.18698  1.00513
50.647  0.996013  1.18027  1.00512
50.6958  0.996035  1.17369  1.00511
50.7446  0.996057  1.16724  1.0051
50.7935  0.996078  1.16092  1.0051
50.8423  0.996099  1.15472  1.00509
50.8911  0.996119  1.14864  1.00508
50.9399  0.99614  1.14269  1.00507
50.9888  0.996159  1.13685  1.00506
51.0376  0.996179  1.13114  1.00505
51.0864  0.996197  1.12554  1.00504
51.1353  0.996216  1.12007  1.00504
51.1841  0.996234  1.11471  1.00503
51.2329  0.996252  1.10946  1.00502
51.2817  0.996269  1.10433  1.00501
51.3306  0.996286  1.09932  1.005
51.3794  0.996303  1.09441  1.00499
51.4282  0.996319  1.08962  1.00498
51.4771  0.996335  1.08494  1.00497
51.5259  0.99635  1.08037  1.00497
51.5747  0.996365  1.07591  1.00496
51.6235  0.99638  1.07155  1.00495
51.6724  0.996394  1.06731  1.00494
51.7212  0.996408  1.06316  1.00493
51.77  0.996422  1.05913  1.00492
51.8188  0.996435  1.05519  1.00491
51.8677  0.996448  1.05136  1.00491
51.9165  0.996461  1.04763  1.0049
51.9653  0.996473  1.044  1.00489
52.0142  0.996485  1.04047  1.00488
52.063  0.996496  1.03704  1.00487
52.1118  0.996508  1.03371  1.00486
52.1606  0.996519  1.03047  1.00485
52.2095  0.996529  1.02733  1.00485
52.2583  0.99654  1.02428  1.00484
52.3071  0.99655  1.02133  1.00483
52.356  0.996559  1.01847  1.00482
52.4048  0.996569  1.01571  1.00481
52.4536  0.996578  1.01303  1.0048
52.5024  0.996586  1.01045  1.00479
52.5513  0.996595  1.00795  1.00479
52.6001  0.996603  1.00554  1.00478
52.6489  0.996611  1.00322  1.00477
52.6978  0.996618  1.00099  1.00476
52.7466  0.996626  0.998845  1.00475
52.7954  0.996632  0.996783  1.00474
52.8442  0.996639  0.994806  1.00473
52.8931  0.996646  0.992911  1.00473
52.9419  0.996652  0.991099  1.00472
52.9907  0.996658  0.989368  1.00471
53.0396  0.996663  0.987718  1.0047
53.0884  0.996668  0.986147  1.00469
53.1372  0.996673  0.984656  1.00468
53.186  0.996678  0.983243  1.00467
53.2349  0.996683  0.981906  1.00467
53.2837  0.996687  0.980647  1.00466
53.3325  0.996691  0.979462  1.00465
53.3813  0.996695  0.978353  1.00464
53.4302  0.996698  0.977318  1.00463
53.479  0.996702  0.976355  1.00462
53.5278  0.996705  0.975465  1.00461
53.5767  0.996707  0.974647  1.00461
53.6255  0.99671  0.973899  1.0046
53.6743  0.996712  0.973222  1.00459
53.7231  0.996714  0.972613  1.00458
53.772  0.996716  0.972073  1.00457
53.8208  0.996718  0.971601  1.00456
53.8696  0.996719  0.971195  1.00455
53.9185  0.99672  0.970856  1.00455
53.9673  0.996721  0.970581  1.00454
54.0161  0.996722  0.970372  1.00453
54.0649  0.996722  0.970226  1.00452
54.1138  0.996722  0.970144  1.00451
54.1626  0.996723  0.970123  1.0045
54.2114  0.996722  0.970165  1.00449
54.2603  0.996722  0.970267  1.00449
54.3091  0.996722  0.97043  1.00448
54.3579  0.996721  0.970652  1.00447
54.4067  0.99672  0.970932  1.00446
54.4556  0.996719  0.971271  1.00445
54.5044  0.996717  0.971667  1.00444
54.5532  0.996716  0.97212  1.00444
54.6021  0.996714  0.972628  1.00443
54.6509  0.996712  0.973192  1.00442
54.6997  0.99671  0.973811  1.00441
54.7485  0.996708  0.974483  1.0044
54.7974  0.996705  0.975209  1.00439
54.8462  0.996703  0.975987  1.00439
54.895  0.9967  0.976817  1.00438
54.9438  0.996697  0.977698  1.00437
54.9927  0.996694  0.978629  1.00436
55.0415  0.996691  0.979611  1.00435
55.0903  0.996687  0.980642  1.00434
55.1392  0.996683  0.981721  1.00434
55.188  0.99668  0.982849  1.00433
55.2368  0.996676  0.984023  1.00432
55.2856  0.996671  0.985245  1.00431
55.3345  0.996667  0.986512  1.0043
55.3833  0.996663  0.987825  1.0043
55.4321  0.996658  0.989183  1.00429
55.481  0.996653  0.990585  1.00428
55.5298  0.996649  0.992031  1.00427
55.5786  0.996644  0.993519  1.00426
55.6274  0.996638  0.99505  1.00425
55.6763  0.996633  0.996623  1.00425
55.7251  0.996628  0.998237  1.00424
55.7739  0.996622  0.999892  1.00423
55.8228  0.996616  1.00159  1.00422
55.8716  0.99661  1.00332  1.00421
55.9204  0.996604  1.00509  1.0042
55.9692  0.996598  1.00691  1.0042
56.0181  0.996592  1.00875  1.00419
56.0669  0.996586  1.01064  1.00418
56.1157  0.996579  1.01256  1.00417
56.1646  0.996573  1.01452  1.00416
56.2134  0.996566  1.01652  1.00416
56.2622  0.996559  1.01855  1.00415
56.311  0.996552  1.02061  1.00414
56.3599  0.996545  1.02271  1.00413
56.4087  0.996538  1.02484  1.00412
56.4575  0.99653  1.027  1.00412
56.5063  0.996523  1.0292  1.00411
56.5552  0.996515  1.03143  1.0041
56.604  0.996508  1.03369  1.00409
56.6528  0.9965  1.03598  1.00408
56.7017  0.996492  1.0383  1.00407
56.7505  0.996484  1.04065  1.00407
56.7993  0.996476  1.04303  1.00406
56.8481  0.996468  1.04544  1.00405
56.897  0.99646  1.04787  1.00404
56.9458  0.996452  1.05034  1.00403
56.9946  0.996443  1.05283  1.00402
57.0435  0.996435  1.05534  1.00402
57.0923  0.996426  1.05789  1.00401
57.1411  0.996417  1.06046  1.004
57.1899  0.996409  1.06305  1.00399
57.2388  0.9964  1.06567  1.00398
57.2876  0.996391  1.06832  1.00397
57.3364  0.996382  1.07099  1.00397
57.3853  0.996373  1.07368  1.00396
57.4341  0.996364  1.0764  1.00395
57.4829  0.996354  1.07913  1.00394
57.5317  0.996345  1.08189  1.00393
57.5806  0.996336  1.08467  1.00392
57.6294  0.996326  1.08748  1.00391
57.6782  0.996317  1.0903  1.00391
57.7271  0.996307  1.09314  1.0039
57.7759  0.996297  1.09601  1.00389
57.8247  0.996288  1.09889  1.00388
57.8735  0.996278  1.10179  1.00387
57.9224  0.996268  1.10471  1.00386
57.9712  0.996258  1.10765  1.00385
58.02  0.996248  1.11061  1.00385
58.0688  0.996238  1.11358  1.00384
58.1177  0.996228  1.11658  1.00383
58.1665  0.996218  1.11958  1.00382
58.2153  0.996207  1.12261  1.00381
58.2642  0.996197  1.12565  1.0038
58.313  0.996187  1.1287  1.00379
58.3618  0.996176  1.13177  1.00378
58.4106  0.996166  1.13486  1.00378
58.4595  0.996156  1.13796  1.00377
58.5083  0.996145  1.14107  1.00376
58.5571  0.996134  1.1442  1.00375
58.606  0.996124  1.14734  1.00374
58.6548  0.996113  1.15049  1.00373
58.7036  0.996103  1.15366  1.00372
58.7524  0.996092  1.15683  1.00371
58.8013  0.996081  1.16002  1.0037
58.8501  0.99607  1.16322  1.0037
58.8989  0.996059  1.16643  1.00369
58.9478  0.996048  1.16965  1.00368
58.9966  0.996038  1.17288  1.00367
59.0454  0.996027  1.17613  1.00366
59.0942  0.996016  1.17938  1.00365
59.1431  0.996005  1.18264  1.00364
59.1919  0.995994  1.18591  1.00363
59.2407  0.995982  1.18918  1.00362
59.2896  0.995971  1.19247  1.00361
59.3384  0.99596  1.19576  1.0036
59.3872  0.995949  1.19906  1.00359
59.436  0.995938  1.20237  1.00359
59.4849  0.995927  1.20569  1.00358
59.5337  0.995916  1.20901  1.00357
59.5825  0.995904  1.21234  1.00356
59.6313  0.995893  1.21567  1.00355
59.6802  0.995882  1.21901  1.00354
59.729  0.99587  1.22235  1.00353
59.7778  0.995859  1.2257  1.00352
59.8267  0.995848  1.22906  1.00351
59.8755  0.995836  1.23242  1.0035
59.9243  0.995825  1.23578  1.00349
59.9731  0.995814  1.23915  1.00348
60.022  0.995802  1.24252  1.00347
60.0708  0.995791  1.24589  1.00346
60.1196  0.995779  1.24927  1.00345
60.1685  0.995768  1.25265  1.00345
60.2173  0.995757  1.25603  1.00344
60.2661  0.995745  1.25941  1.00343
60.3149  0.995734  1.2628  1.00342
60.3638  0.995722  1.26619  1.00341
60.4126  0.995711  1.26958  1.0034
60.4614  0.995699  1.27297  1.00339
60.5103  0.995688  1.27636  1.00338
60.5591  0.995677  1.27975  1.00337
60.6079  0.995665  1.28314  1.00336
60.6567  0.995654  1.28653  1.00335
60.7056  0.995642  1.28992  1.00334
60.7544  0.995631  1.29331  1.00333
60.8032  0.995619  1.2967  1.00332
60.8521  0.995608  1.30009  1.00331
60.9009  0.995596  1.30348  1.0033
60.9497  0.995585  1.30686  1.00329
60.9985  0.995573  1.31025  1.00328
61.0474  0.995562  1.31363  1.00327
61.0962  0.995551  1.31701  1.00326
61.145  0.995539  1.32039  1.00326
61.1938  0.995528  1.32377  1.00325
61.2427  0.995516  1.32714  1.00324
61.2915  0.995505  1.33051  1.00323
61.3403  0.995494  1.33387  1.00322
61.3892  0.995482  1.33724  1.00321
61.438  0.995471  1.34059  1.0032
61.4868  0.99546  1.34395  1.00319
61.5356  0.995448  1.3473  1.00318
61.5845  0.995437  1.35065  1.00317
61.6333  0.995426  1.35399  1.00316
61.6821  0.995414  1.35732  1.00315
61.731  0.995403  1.36066  1.00314
61.7798  0.995392  1.36398  1.00313
61.8286  0.995381  1.3673  1.00312
61.8774  0.99537  1.37062  1.00311
61.9263  0.995358  1.37393  1.0031
61.9751  0.995347  1.37723  1.00309
62.0239  0.995336  1.38053  1.00308
62.0728  0.995325  1.38382  1.00307
62.1216  0.995314  1.38711  1.00306
62.1704  0.995303  1.39038  1.00305
62.2192  0.995292  1.39366  1.00304
62.2681  0.995281  1.39692  1.00303
62.3169  0.99527  1.40018  1.00302
62.3657  0.995259  1.40343  1.00301
62.4146  0.995248  1.40667  1.003
62.4634  0.995237  1.4099  1.00299
62.5122  0.995226  1.41313  1.00298
62.561  0.995215  1.41634  1.00297
62.6099  0.995204  1.41955  1.00296
62.6587  0.995193  1.42275  1.00295
62.7075  0.995183  1.42595  1.00294
62.7563  0.995172  1.42913  1.00293
62.8052  0.995161  1.4323  1.00292
62.854  0.99515  1.43547  1.00291
62.9028  0.99514  1.43863  1.0029
62.9517  0.995129  1.44177  1.0029
63.0005  0.995119  1.44491  1.00289
63.0493  0.995108  1.44804  1.00288
63.0981  0.995097  1.45115  1.00287
63.147  0.995087  1.45426  1.00286
63.1958  0.995076  1.45736  1.00285
63.2446  0.995066  1.46045  1.00284
63.2935  0.995056  1.46352  1.00283
63.3423  0.995045  1.46659  1.00282
63.3911  0.995035  1.46964  1.00281
63.4399  0.995025  1.47269  1.0028
63.4888  0.995014  1.47572  1.00279
63.5376  0.995004  1.47874  1.00278
63.5864  0.994994  1.48175  1.00277
63.6353  0.994984  1.48475  1.00276
63.6841  0.994974  1.48774  1.00275
63.7329  0.994964  1.49072  1.00274
63.7817  0.994954  1.49368  1.00273
63.8306  0.994944  1.49664  1.00272
63.8794  0.994934  1.49958  1.00271
63.9282  0.994924  1.50251  1.0027
63.9771  0.994914  1.50542  1.00269
64.0259  0.994904  1.50833  1.00268
64.0747  0.994895  1.51122  1.00267
64.1235  0.994885  1.5141  1.00266
64.1724  0.994875  1.51697  1.00265
64.2212  0.994865  1.51982  1.00264
64.27  0.994856  1.52266  1.00263
64.3188  0.994846  1.52549  1.00262
64.3677  0.994837  1.52831  1.00261
64.4165  0.994827  1.53111  1.0026
64.4653  0.994818  1.5339  1.00259
64.5142  0.994809  1.53667  1.00258
64.563  0.994799  1.53944  1.00257
64.6118  0.99479  1.54218  1.00256
64.6606  0.994781  1.54492  1.00255
64.7095  0.994771  1.54764  1.00254
64.7583  0.994762  1.55035  1.00253
64.8071  0.994753  1.55304  1.00252
64.856  0.994744  1.55572  1.00251
64.9048  0.994735  1.55839  1.0025
64.9536  0.994726  1.56104  1.00249
65.0024  0.994717  1.56368  1.00248
65.0513  0.994708  1.5663  1.00247
65.1001  0.9947  1.56891  1.00246
65.1489  0.994691  1.5715  1.00245
65.1978  0.994682  1.57408  1.00244
65.2466  0.994673  1.57665  1.00243
65.2954  0.994665  1.5792  1.00242
65.3442  0.994656  1.58173  1.00241
65.3931  0.994648  1.58425  1.0024
65.4419  0.994639  1.58676  1.00239
65.4907  0.994631  1.58925  1.00238
65.5396  0.994623  1.59172  1.00237
65.5884  0.994614  1.59419  1.00236
65.6372  0.994606  1.59663  1.00235
65.686  0.994598  1.59906  1.00234
65.7349  0.99459  1.60148  1.00233
65.7837  0.994581  1.60388  1.00232
65.8325  0.994573  1.60626  1.00231
65.8813  0.994565  1.60863  1.0023
65.9302  0.994557  1.61098  1.00229
65.979  0.99455  1.61332  1.00228
66.0278  0.994542  1.61564  1.00227
66.0767  0.994534  1.61795  1.00226
66.1255  0.994526  1.62024  1.00225
66.1743  0.994519  1.62252  1.00224
66.2231  0.994511  1.62477  1.00223
66.272  0.994503  1.62702  1.00222
66.3208  0.994496  1.62925  1.00221
66.3696  0.994488  1.63146  1.0022
66.4185  0.994481  1.63365  1.00219
66.4673  0.994474  1.63583  1.00218
66.5161  0.994466  1.638  1.00217
66.5649  0.994459  1.64014  1.00216
66.6138  0.994452  1.64228  1.00215
66.6626  0.994445  1.64439  1.00214
66.7114  0.994438  1.64649  1.00213
66.7603  0.99443  1.64857  1.00212
66.8091  0.994424  1.65064  1.00211
66.8579  0.994417  1.65269  1.0021
66.9067  0.99441  1.65472  1.00209
66.9556  0.994403  1.65674  1.00208
67.0044  0.994396  1.65874  1.00207
67.0532  0.994389  1.66073  1.00206
67.1021  0.994383  1.66269  1.00205
67.1509  0.994376  1.66465  1.00204
67.1997  0.99437  1.66658  1.00203
67.2485  0.994363  1.6685  1.00202
67.2974  0.994357  1.6704  1.00201
67.3462  0.99435  1.67229  1.002
67.395  0.994344  1.67416  1.00199
67.4438  0.994338  1.67601  1.00198
67.4927  0.994332  1.67785  1.00196
67.5415  0.994325  1.67967  1.00195
67.5903  0.994319  1.68147  1.00194
67.6392  0.994313  1.68325  1.00193
67.688  0.994307  1.68502  1.00192
67.7368  0.994301  1.68678  1.00191
67.7856  0.994296  1.68851  1.0019
67.8345  0.99429  1.69023  1.00189
67.8833  0.994284  1.69194  1.00188
67.9321  0.994278  1.69362  1.00187
67.981  0.994273  1.69529  1.00186
68.0298  0.994267  1.69694  1.00185
68.0786  0.994262  1.69858  1.00184
68.1274  0.994256  1.7002  1.00183
68.1763  0.994251  1.7018  1.00181
68.2251  0.994245  1.70339  1.0018
68.2739  0.99424  1.70496  1.00179
68.3228  0.994235  1.70651  1.00178
68.3716  0.99423  1.70804  1.00177
68.4204  0.994224  1.70956  1.00176
68.4692  0.994219  1.71107  1.00175
68.5181  0.994214  1.71255  1.00174
68.5669  0.994209  1.71402  1.00173
68.6157  0.994204  1.71547  1.00172
68.6646  0.9942  1.71691  1.0017
68.7134  0.994195  1.71833  1.00169
68.7622  0.99419  1.71973  1.00168
68.811  0.994185  1.72111  1.00167
68.8599  0.994181  1.72248  1.00166
68.9087  0.994176  1.72383  1.00165
68.9575  0.994172  1.72517  1.00164
69.0063  0.994167  1.72649  1.00163
69.0552  0.994163  1.72779  1.00161
69.104  0.994159  1.72908  1.0016
69.1528  0.994154  1.73034  1.00159
69.2017  0.99415  1.7316  1.00158
69.2505  0.994146  1.73283  1.00157
69.2993  0.994142  1.73405  1.00156
69.3481  0.994138  1.73526  1.00155
69.397  0.994134  1.73644  1.00153
69.4458  0.99413  1.73761  1.00152
69.4946  0.994126  1.73877  1.00151
69.5435  0.994122  1.7399  1.0015
69.5923  0.994118  1.74102  1.00149
69.6411  0.994114  1.74213  1.00148
69.6899  0.994111  1.74322  1.00146
69.7388  0.994107  1.74429  1.00145
69.7876  0.994104  1.74534  1.00144
69.8364  0.9941  1.74638  1.00143
69.8853  0.994097  1.7474  1.00142
69.9341  0.994093  1.74841  1.00141
69.9829  0.99409  1.7494  1.00139
70.0317  0.994087  1.75038  1.00138
70.0806  0.994083  1.75133  1.00137
70.1294  0.99408  1.75228  1.00136
70.1782  0.994077  1.7532  1.00135
70.2271  0.994074  1.75411  1.00133
70.2759  0.994071  1.75501  1.00132
70.3247  0.994068  1.75588  1.00131
70.3735  0.994065  1.75675  1.0013
70.4224  0.994062  1.75759  1.00128
70.4712  0.994059  1.75842  1.00127
70.52  0.994057  1.75924  1.00126
70.5688  0.994054  1.76004  1.00125
70.6177  0.994051  1.76082  1.00124
70.6665  0.994049  1.76159  1.00122
70.7153  0.994046  1.76234  1.00121
70.7642  0.994044  1.76307  1.0012
70.813  0.994041  1.76379  1.00119
70.8618  0.994039  1.7645  1.00117
70.9106  0.994037  1.76519  1.00116
70.9595  0.994034  1.76586  1.00115
71.0083  0.994032  1.76652  1.00114
71.0571  0.99403  1.76716  1.00112
71.106  0.994028  1.76779  1.00111
71.1548  0.994026  1.7684  1.0011
71.2036  0.994024  1.769  1.00109
71.2524  0.994022  1.76958  1.00107
71.3013  0.99402  1.77015  1.00106
71.3501  0.994018  1.7707  1.00105
71.3989  0.994016  1.77124  1.00103
71.4478  0.994014  1.77176  1.00102
71.4966  0.994013  1.77227  1.00101
71.5454  0.994011  1.77276  1.001
71.5942  0.994009  1.77323  1.00098
71.6431  0.994008  1.7737  1.00097
71.6919  0.994006  1.77414  1.00096
71.7407  0.994005  1.77458  1.00094
71.7896  0.994003  1.775  1.00093
71.8384  0.994002  1.7754  1.00092
71.8872  0.994001  1.77579  1.0009
71.936  0.993999  1.77616  1.00089
71.9849  0.993998  1.77652  1.00088
72.0337  0.993997  1.77687  1.00087
72.0825  0.993996  1.7772  1.00085
72.1313  0.993995  1.77752  1.00084
72.1802  0.993994  1.77782  1.00083
72.229  0.993993  1.77811  1.00081
72.2778  0.993992  1.77838  1.0008
72.3267  0.993991  1.77864  1.00079
72.3755  0.99399  1.77889  1.00077
72.4243  0.993989  1.77912  1.00076
72.4731  0.993989  1.77934  1.00074
72.522  0.993988  1.77955  1.00073
72.5708  0.993987  1.77974  1.00072
72.6196  0.993987  1.77991  1.0007
72.6685  0.993986  1.78008  1.00069
72.7173  0.993986  1.78023  1.00068
72.7661  0.993985  1.78036  1.00066
72.8149  0.993985  1.78049  1.00065
72.8638  0.993984  1.7806  1.00064
72.9126  0.993984  1.78069  1.00062
72.9614  0.993984  1.78078  1.00061
73.0103  0.993984  1.78085  1.00059
73.0591  0.993983  1.78091  1.00058
73.1079  0.993983  1.78095  1.00057
73.1567  0.993983  1.78098  1.00055
73.2056  0.993983  1.781  1.00054
73.2544  0.993983  1.781  1.00052
73.3032  0.993983  1.781  1.00051
73.3521  0.993983  1.78098  1.0005
73.4009  0.993983  1.78094  1.00048
73.4497  0.993983  1.7809  1.00047
73.4985  0.993984  1.78084  1.00045
73.5474  0.993984  1.78077  1.00044
73.5962  0.993984  1.78068  1.00043
73.645  0.993984  1.78059  1.00041
73.6938  0.993985  1.78048  1.0004
73.7427  0.993985  1.78036  1.00038
73.7915  0.993986  1.78023  1.00037
73.8403  0.993986  1.78009  1.00035
73.8892  0.993987  1.77993  1.00034
73.938  0.993987  1.77976  1.00032
73.9868  0.993988  1.77958  1.00031
74.0356  0.993989  1.77939  1.0003
74.0845  0.993989  1.77919  1.00028
74.1333  0.99399  1.77897  1.00027
74.1821  0.993991  1.77875  1.00025
74.231  0.993992  1.77851  1.00024
74.2798  0.993992  1.77826  1.00022
74.3286  0.993993  1.778  1.00021
74.3774  0.993994  1.77773  1.00019
74.4263  0.993995  1.77744  1.00018
74.4751  0.993996  1.77715  1.00016
74.5239  0.993997  1.77684  1.00015
74.5728  0.993998  1.77653  1.00013
74.6216  0.993999  1.7762  1.00012
74.6704  0.994  1.77586  1.0001
74.7192  0.994002  1.77551  1.00009
74.7681  0.994003  1.77516  1.00007
74.8169  0.994004  1.77479  1.00006
74.8657  0.994005  1.77441  1.00004
74.9146  0.994007  1.77401  1.00003
74.9634  0.994008  1.77361  1.00001
75.0122  0.994009  1.7732  0.999996
75.061  0.994011  1.77278  0.999981
75.1099  0.994012  1.77235  0.999965
75.1587  0.994014  1.77191  0.99995
75.2075  0.994015  1.77145  0.999934
75.2563  0.994017  1.77099  0.999919
75.3052  0.994019  1.77052  0.999903
75.354  0.99402  1.77004  0.999888
75.4028  0.994022  1.76955  0.999872
75.4517  0.994023  1.76905  0.999856
75.5005  0.994025  1.76854  0.999841
75.5493  0.994027  1.76802  0.999825
75.5981  0.994029  1.76749  0.999809
75.647  0.994031  1.76695  0.999793
75.6958  0.994032  1.7664  0.999777
75.7446  0.994034  1.76585  0.999761
75.7935  0.994036  1.76528  0.999745
75.8423  0.994038  1.76471  0.999729
75.8911  0.99404  1.76413  0.999713
75.9399  0.994042  1.76353  0.999697
75.9888  0.994044  1.76293  0.999681
76.0376  0.994046  1.76232  0.999665
76.0864  0.994048  1.76171  0.999648
76.1353  0.99405  1.76108  0.999632
76.1841  0.994053  1.76044  0.999616
76.2329  0.994055  1.7598  0.999599
76.2817  0.994057  1.75915  0.999583
76.3306  0.994059  1.75849  0.999566
76.3794  0.994061  1.75782  0.99955
76.4282  0.994064  1.75715  0.999533
76.4771  0.994066  1.75646  0.999516
76.5259  0.994068  1.75577  0.9995
76.5747  0.994071  1.75507  0.999483
76.6235  0.994073  1.75437  0.999466
76.6724  0.994075  1.75365  0.999449
76.7212  0.994078  1.75293  0.999432
76.77  0.99408  1.7522  0.999415
76.8188  0.994083  1.75147  0.999398
76.8677  0.994085  1.75072  0.999381
76.9165  0.994088  1.74997  0.999364
76.9653  0.99409  1.74921  0.999347
77.0142  0.994093  1.74845  0.99933
77.063  0.994096  1.74768  0.999313
77.1118  0.994098  1.7469  0.999295
77.1606  0.994101  1.74611  0.999278
77.2095  0.994104  1.74532  0.999261
77.2583  0.994106  1.74452  0.999243
77.3071  0.994109  1.74372  0.999226
77.356  0.994112  1.74291  0.999208
77.4048  0.994115  1.74209  0.999191
77.4536  0.994117  1.74127  0.999173
77.5024  0.99412  1.74044  0.999155
77.5513  0.994123  1.7396  0.999138
77.6001  0.994126  1.73876  0.99912
77.6489  0.994129  1.73791  0.999102
77.6978  0.994132  1.73706  0.999084
77.7466  0.994134  1.7362  0.999066
77.7954  0.994137  1.73533  0.999048
77.8442  0.99414  1.73446  0.99903
77.8931  0.994143  1.73359  0.999012
77.9419  0.994146  1.7327  0.998994
77.9907  0.994149  1.73182  0.998975
78.0396  0.994152  1.73092  0.998957
78.0884  0.994155  1.73003  0.998939
78.1372  0.994158  1.72913  0.99892
78.186  0.994161  1.72822  0.998902
78.2349  0.994165  1.72731  0.998883
78.2837  0.994168  1.72639  0.998865
78.3325  0.994171  1.72547  0.998846
78.3813  0.994174  1.72454  0.998828
78.4302  0.994177  1.72361  0.998809
78.479  0.99418  1.72268  0.99879
78.5278  0.994183  1.72174  0.998771
78.5767  0.994187  1.72079  0.998752
78.6255  0.99419  1.71984  0.998733
78.6743  0.994193  1.71889  0.998714
78.7231  0.994196  1.71793  0.998695
78.772  0.994199  1.71697  0.998676
78.8208  0.994203  1.71601  0.998657
78.8696  0.994206  1.71504  0.998638
78.9185  0.994209  1.71407  0.998619
78.9673  0.994213  1.7131  0.998599
79.0161  0.994216  1.71212  0.99858
79.0649  0.994219  1.71114  0.998561
79.1138  0.994222  1.71015  0.998541
79.1626  0.994226  1.70916  0.998522
79.2114  0.994229  1.70817  0.998502
79.2603  0.994233  1.70717  0.998482
79.3091  0.994236  1.70618  0.998463
79.3579  0.994239  1.70517  0.998443
79.4067  0.994243  1.70417  0.998423
79.4556  0.994246  1.70316  0.998403
79.5044  0.994249  1.70215  0.998383
79.5532  0.994253  1.70114  0.998363
79.6021  0.994256  1.70013  0.998343
79.6509  0.99426  1.69911  0.998323
79.6997  0.994263  1.69809  0.998303
79.7485  0.994267  1.69707  0.998283
79.7974  0.99427  1.69605  0.998262
79.8462  0.994274  1.69502  0.998242
79.895  0.994277  1.69399  0.998222
79.9438  0.994281  1.69296  0.998201
79.9927  0.994284  1.69193  0.998181
80.0415  0.994288  1.6909  0.99816
80.0903  0.994291  1.68986  0.99814
80.1392  0.994295  1.68883  0.998119
80.188  0.994298  1.68779  0.998098
80.2368  0.994302  1.68675  0.998078
80.2856  0.994305  1.68571  0.998057
80.3345  0.994309  1.68467  0.998036
80.3833  0.994312  1.68362  0.998015
80.4321  0.994316  1.68258  0.997994
80.481  0.994319  1.68153  0.997973
80.5298  0.994323  1.68049  0.997952
80.5786  0.994326  1.67944  0.997931
80.6274  0.99433  1.67839  0.997909
80.6763  0.994333  1.67734  0.997888
80.7251  0.994337  1.67629  0.997867
80.7739  0.99434  1.67524  0.997845
80.8228  0.994344  1.67419  0.997824
80.8716  0.994347  1.67314  0.997802
80.9204  0.994351  1.67209  0.997781
80.9692  0.994355  1.67104  0.997759
81.0181  0.994358  1.66999  0.997737
81.0669  0.994362  1.66894  0.997716
81.1157  0.994365  1.66788  0.997694
81.1646  0.994369  1.66683  0.997672
81.2134  0.994372  1.66578  0.99765
81.2622  0.994376  1.66473  0.997628
81.311  0.994379  1.66368  0.997606
81.3599  0.994383  1.66263  0.997584
81.4087  0.994387  1.66158  0.997562
81.4575  0.99439  1.66053  0.99754
81.5063  0.994394  1.65948  0.997517
81.5552  0.994397  1.65844  0.997495
81.604  0.994401  1.65739  0.997473
81.6528  0.994404  1.65634  0.99745
81.7017  0.994408  1.6553  0.997428
81.7505  0.994411  1.65426  0.997405
81.7993  0.994415  1.65321  0.997383
81.8481  0.994418  1.65217  0.99736
81.897  0.994422  1.65113  0.997337
81.9458  0.994425  1.65009  0.997314
81.9946  0.994429  1.64906  0.997291
82.0435  0.994432  1.64802  0.997268
82.0923  0.994436  1.64699  0.997245
82.1411  0.994439  1.64596  0.997222
82.1899  0.994443  1.64493  0.997199
82.2388  0.994446  1.6439  0.997176
82.2876  0.99445  1.64287  0.997153
82.3364  0.994453  1.64185  0.99713
82.3853  0.994457  1.64082  0.997106
82.4341  0.99446  1.6398  0.997083
82.4829  0.994464  1.63879  0.997059
82.5317  0.994467  1.63777  0.997036
82.5806  0.99447  1.63676  0.997012
82.6294  0.994474  1.63575  0.996988
82.6782  0.994477  1.63474  0.996965
82.7271  0.994481  1.63373  0.996941
82.7759  0.994484  1.63273  0.996917
82.8247  0.994487  1.63173  0.996893
82.8735  0.994491  1.63073  0.996869
82.9224  0.994494  1.62974  0.996845
82.9712  0.994497  1.62874  0.996821
83.02  0.994501  1.62776  0.996796
83.0688  0.994504  1.62677  0.996772
83.1177  0.994507  1.62579  0.996748
83.1665  0.994511  1.62481  0.996723
83.2153  0.994514  1.62383  0.996699
83.2642  0.994517  1.62286  0.996674
83.313  0.994521  1.62189  0.99665
83.3618  0.994524  1.62093  0.996625
83.4106  0.994527  1.61997  0.9966
83.4595  0.99453  1.61901  0.996575
83.5083  0.994534  1.61806  0.996551
83.5571  0.994537  1.61711  0.996526
83.606  0.99454  1.61616  0.996501
83.6548  0.994543  1.61522  0.996476
83.7036  0.994546  1.61428  0.99645
83.7524  0.99455  1.61335  0.996425
83.8013  0.994553  1.61242  0.9964
83.8501  0.994556  1.61149  0.996374
83.8989  0.994559  1.61057  0.996349
83.9478  0.994562  1.60965  0.996324
83.9966  0.994565  1.60874  0.996298
84.0454  0.994568  1.60783  0.996272
84.0942  0.994571  1.60693  0.996247
84.1431  0.994574  1.60603  0.996221
84.1919  0.994577  1.60514  0.996195
84.2407  0.99458  1.60425  0.996169
84.2896  0.994583  1.60337  0.996143
84.3384  0.994586  1.60249  0.996117
84.3872  0.994589  1.60161  0.996091
84.436  0.994592  1.60074  0.996065
84.4849  0.994595  1.59988  0.996038
84.5337  0.994598  1.59902  0.996012
84.5825  0.994601  1.59817  0.995986
84.6313  0.994604  1.59732  0.995959
84.6802  0.994606  1.59648  0.995932
84.729  0.994609  1.59564  0.995906
84.7778  0.994612  1.59481  0.995879
84.8267  0.994615  1.59398  0.995852
84.8755  0.994618  1.59316  0.995825
84.9243  0.99462  1.59235  0.995798
84.9731  0.994623  1.59154  0.995771
85.022  0.994626  1.59074  0.995744
85.0708  0.994629  1.58994  0.995717
85.1196  0.994631  1.58915  0.99569
85.1685  0.994634  1.58837  0.995663
85.2173  0.994637  1.58759  0.995635
85.2661  0.994639  1.58682  0.995608
85.3149  0.994642  1.58605  0.99558
85.3638  0.994644  1.58529  0.995552
85.4126  0.994647  1.58454  0.995525
85.4614  0.994649  1.58379  0.995497
85.5103  0.994652  1.58305  0.995469
85.5591  0.994654  1.58232  0.995441
85.6079  0.994657  1.58159  0.995413
85.6567  0.994659  1.58087  0.995385
85.7056  0.994662  1.58015  0.995357
85.7544  0.994664  1.57945  0.995328
85.8032  0.994666  1.57874  0.9953
85.8521  0.994669  1.57805  0.995272
85.9009  0.994671  1.57736  0.995243
85.9497  0.994673  1.57668  0.995214
85.9985  0.994676  1.57601  0.995186
86.0474  0.994678  1.57535  0.995157
86.0962  0.99468  1.57469  0.995128
86.145  0.994682  1.57404  0.995099
86.1938  0.994684  1.57339  0.99507
86.2427  0.994687  1.57276  0.995041
86.2915  0.994689  1.57213  0.995012
86.3403  0.994691  1.57151  0.994982
86.3892  0.994693  1.57089  0.994953
86.438  0.994695  1.57028  0.994923
86.4868  0.994697  1.56968  0.994894
86.5356  0.994699  1.56909  0.994864
86.5845  0.994701  1.56851  0.994834
86.6333  0.994703  1.56793  0.994804
86.6821  0.994705  1.56736  0.994774
86.731  0.994707  1.5668  0.994744
86.7798  0.994709  1.56625  0.994714
86.8286  0.99471  1.56571  0.994684
86.8774  0.994712  1.56517  0.994654
86.9263  0.994714  1.56464  0.994623
86.9751  0.994716  1.56412  0.994593
87.0239  0.994718  1.56361  0.994562
87.0728  0.994719  1.56311  0.994531
87.1216  0.994721  1.56261  0.9945
87.1704  0.994723  1.56212  0.994469
87.2192  0.994724  1.56164  0.994438
87.2681  0.994726  1.56117  0.994407
87.3169  0.994727  1.56071  0.994376
87.3657  0.994729  1.56026  0.994345
87.4146  0.99473  1.55981  0.994313
87.4634  0.994732  1.55937  0.994282
87.5122  0.994733  1.55895  0.99425
87.561  0.994735  1.55853  0.994218
87.6099  0.994736  1.55811  0.994187
87.6587  0.994737  1.55771  0.994155
87.7075  0.994739  1.55732  0.994123
87.7563  0.99474  1.55694  0.994091
87.8052  0.994741  1.55656  0.994058
87.854  0.994743  1.55619  0.994026
87.9028  0.994744  1.55584  0.993994
87.9517  0.994745  1.55549  0.993961
88.0005  0.994746  1.55515  0.993929
88.0493  0.994747  1.55482  0.993896
88.0981  0.994748  1.5545  0.993863
88.147  0.994749  1.55418  0.99383
88.1958  0.99475  1.55388  0.993797
88.2446  0.994751  1.55359  0.993764
88.2935  0.994752  1.5533  0.993731
88.3423  0.994753  1.55303  0.993697
88.3911  0.994754  1.55276  0.993664
88.4399  0.994755  1.5525  0.99363
88.4888  0.994756  1.55226  0.993597
88.5376  0.994757  1.55202  0.993563
88.5864  0.994757  1.55179  0.993529
88.6353  0.994758  1.55157  0.993495
88.6841  0.994759  1.55136  0.993461
88.7329  0.99476  1.55117  0.993427
88.7817  0.99476  1.55098  0.993393
88.8306  0.994761  1.5508  0.993358
88.8794  0.994761  1.55063  0.993324
88.9282  0.994762  1.55047  0.993289
88.9771  0.994762  1.55031  0.993255
89.0259  0.994763  1.55017  0.99322
89.0747  0.994763  1.55004  0.993185
89.1235  0.994764  1.54992  0.99315
89.1724  0.994764  1.54981  0.993115
89.2212  0.994764  1.54971  0.99308
89.27  0.994765  1.54962  0.993045
89.3188  0.994765  1.54954  0.993009
89.3677  0.994765  1.54947  0.992974
89.4165  0.994766  1.54941  0.992938
89.4653  0.994766  1.54935  0.992902
89.5142  0.994766  1.54931  0.992867
89.563  0.994766  1.54928  0.992831
89.6118  0.994766  1.54926  0.992795
89.6606  0.994766  1.54925  0.992759
89.7095  0.994766  1.54925  0.992722
89.7583  0.994766  1.54926  0.992686
89.8071  0.994766  1.54928  0.99265
89.856  0.994766  1.54931  0.992613
89.9048  0.994766  1.54936  0.992576
89.9536  0.994766  1.54941  0.99254
90.0024  0.994765  1.54947  0.992503
90.0513  0.994765  1.54954  0.992466
90.1001  0.994765  1.54962  0.992429
90.1489  0.994764  1.54972  0.992391
90.1978  0.994764  1.54982  0.992354
90.2466  0.994764  1.54994  0.992317
90.2954  0.994763  1.55006  0.992279
90.3442  0.994763  1.5502  0.992241
90.3931  0.994762  1.55034  0.992204
90.4419  0.994762  1.5505  0.992166
90.4907  0.994761  1.55067  0.992128
90.5396  0.994761  1.55084  0.99209
90.5884  0.99476  1.55103  0.992051
90.6372  0.994759  1.55123  0.992013
90.686  0.994759  1.55144  0.991974
90.7349  0.994758  1.55166  0.991936
90.7837  0.994757  1.55189  0.991897
90.8325  0.994756  1.55213  0.991858
90.8813  0.994755  1.55239  0.991819
90.9302  0.994755  1.55265  0.99178
90.979  0.994754  1.55293  0.991741
91.0278  0.994753  1.55321  0.991701
91.0767  0.994752  1.55351  0.991662
91.1255  0.994751  1.55381  0.991622
91.1743  0.99475  1.55413  0.991583
91.2231  0.994748  1.55446  0.991543
91.272  0.994747  1.5548  0.991503
91.3208  0.994746  1.55515  0.991462
91.3696  0.994745  1.55551  0.991422
91.4185  0.994744  1.55588  0.991382
91.4673  0.994742  1.55627  0.991341
91.5161  0.994741  1.55666  0.991301
91.5649  0.99474  1.55707  0.99126
91.6138  0.994738  1.55748  0.991219
91.6626  0.994737  1.55791  0.991178
91.7114  0.994735  1.55835  0.991137
91.7603  0.994734  1.5588  0.991095
91.8091  0.994732  1.55926  0.991054
91.8579  0.994731  1.55973  0.991012
91.9067  0.994729  1.56021  0.990971
91.9556  0.994727  1.5607  0.990929
92.0044  0.994726  1.56121  0.990887
92.0532  0.994724  1.56172  0.990845
92.1021  0.994722  1.56225  0.990803
92.1509  0.99472  1.56279  0.99076
92.1997  0.994718  1.56334  0.990718
92.2485  0.994717  1.5639  0.990675
92.2974  0.994715  1.56447  0.990632
92.3462  0.994713  1.56505  0.990589
92.395  0.994711  1.56564  0.990546
92.4438  0.994709  1.56624  0.990503
92.4927  0.994707  1.56686  0.99046
92.5415  0.994704  1.56749  0.990417
92.5903  0.994702  1.56812  0.990373
92.6392  0.9947  1.56877  0.990329
92.688  0.994698  1.56943  0.990286
92.7368  0.994696  1.5701  0.990242
92.7856  0.994693  1.57078  0.990198
92.8345  0.994691  1.57148  0.990153
92.8833  0.994689  1.57218  0.990109
92.9321  0.994686  1.57289  0.990065
92.981  0.994684  1.57362  0.99002
93.0298  0.994681  1.57436  0.989975
93.0786  0.994679  1.57511  0.989931
93.1274  0.994676  1.57586  0.989886
93.1763  0.994674  1.57663  0.989841
93.2251  0.994671  1.57742  0.989796
93.2739  0.994668  1.57821  0.98975
93.3228  0.994665  1.57901  0.989705
93.3716  0.994663  1.57983  0.989659
93.4204  0.99466  1.58065  0.989614
93.4692  0.994657  1.58149  0.989568
93.5181  0.994654  1.58234  0.989522
93.5669  0.994651  1.5832  0.989476
93.6157  0.994648  1.58407  0.98943
93.6646  0.994645  1.58495  0.989384
93.7134  0.994642  1.58584  0.989338
93.7622  0.994639  1.58674  0.989291
93.811  0.994636  1.58766  0.989244
93.8599  0.994633  1.58858  0.989198
93.9087  0.99463  1.58952  0.989151
93.9575  0.994627  1.59047  0.989104
94.0063  0.994624  1.59142  0.989057
94.0552  0.99462  1.59239  0.98901
94.104  0.994617  1.59337  0.988962
94.1528  0.994614  1.59436  0.988915
94.2017  0.99461  1.59537  0.988867
94.2505  0.994607  1.59638  0.98882
94.2993  0.994603  1.5974  0.988772
94.3481  0.9946  1.59844  0.988724
94.397  0.994596  1.59948  0.988676
94.4458  0.994593  1.60054  0.988628
94.4946  0.994589  1.60161  0.988579
94.5435  0.994586  1.60269  0.988531
94.5923  0.994582  1.60377  0.988482
94.6411  0.994578  1.60487  0.988433
94.6899  0.994574  1.60598  0.988385
94.7388  0.994571  1.60711  0.988336
94.7876  0.994567  1.60824  0.988286
94.8364  0.994563  1.60938  0.988237
94.8853  0.994559  1.61053  0.988188
94.9341  0.994555  1.6117  0.988138
94.9829  0.994551  1.61287  0.988088
95.0317  0.994547  1.61406  0.988038
95.0806  0.994543  1.61526  0.987988
95.1294  0.994539  1.61646  0.987938
95.1782  0.994535  1.61768  0.987888
95.2271  0.994531  1.61891  0.987837
95.2759  0.994527  1.62015  0.987786
95.3247  0.994522  1.6214  0.987736
95.3735  0.994518  1.62266  0.987684
95.4224  0.994514  1.62393  0.987633
95.4712  0.994509  1.62521  0.987582
95.52  0.994505  1.6265  0.98753
95.5688  0.994501  1.6278  0.987479
95.6177  0.994496  1.62911  0.987427
95.6665  0.994492  1.63044  0.987375
95.7153  0.994487  1.63177  0.987323
95.7642  0.994483  1.63311  0.98727
95.813  0.994478  1.63447  0.987218
95.8618  0.994474  1.63583  0.987165
95.9106  0.994469  1.6372  0.987112
95.9595  0.994464  1.63859  0.987059
96.0083  0.99446  1.63998  0.987006
96.0571  0.994455  1.64139  0.986953
96.106  0.99445  1.6428  0.986899
96.1548  0.994445  1.64423  0.986845
96.2036  0.99444  1.64567  0.986791
96.2524  0.994435  1.64711  0.986737
96.3013  0.994431  1.64857  0.986683
96.3501  0.994426  1.65003  0.986629
96.3989  0.994421  1.65151  0.986574
96.4478  0.994416  1.65299  0.98652
96.4966  0.994411  1.65449  0.986465
96.5454  0.994405  1.65599  0.98641
96.5942  0.9944  1.65751  0.986355
96.6431  0.994395  1.65903  0.986299
96.6919  0.99439  1.66057  0.986244
96.7407  0.994385  1.66211  0.986189
96.7896  0.994379  1.66367  0.986133
96.8384  0.994374  1.66523  0.986077
96.8872  0.994369  1.66681  0.986021
96.936  0.994364  1.66839  0.985965
96.9849  0.994358  1.66998  0.985909
97.0337  0.994353  1.67159  0.985853
97.0825  0.994347  1.6732  0.985797
97.1313  0.994342  1.67482  0.98574
97.1802  0.994336  1.67645  0.985684
97.229  0.994331  1.67809  0.985627
97.2778  0.994325  1.67974  0.985571
97.3267  0.99432  1.6814  0.985514
97.3755  0.994314  1.68307  0.985457
97.4243  0.994308  1.68475  0.9854
97.4731  0.994303  1.68644  0.985343
97.522  0.994297  1.68813  0.985286
97.5708  0.994291  1.68984  0.985229
97.6196  0.994285  1.69156  0.985172
97.6685  0.994279  1.69328  0.985115
97.7173  0.994274  1.69501  0.985058
97.7661  0.994268  1.69676  0.985001
97.8149  0.994262  1.69851  0.984944
97.8638  0.994256  1.70027  0.984887
97.9126  0.99425  1.70204  0.98483
97.9614  0.994244  1.70381  0.984772
98.0103  0.994238  1.7056  0.984715
98.0591  0.994232  1.7074  0.984658
98.1079  0.994226  1.7092  0.984601
98.1567  0.99422  1.71101  0.984543
98.2056  0.994213  1.71284  0.984486
98.2544  0.994207  1.71467  0.984429
98.3032  0.994201  1.71651  0.984371
98.3521  0.994195  1.71835  0.984314
98.4009  0.994188  1.72021  0.984256
98.4497  0.994182  1.72207  0.984198
98.4985  0.994176  1.72395  0.984141
98.5474  0.994169  1.72583  0.984083
98.5962  0.994163  1.72772  0.984025
98.645  0.994157  1.72962  0.983967
98.6938  0.99415  1.73152  0.983909
98.7427  0.994144  1.73344  0.98385
98.7915  0.994137  1.73536  0.983792
98.8403  0.994131  1.73729  0.983733
98.8892  0.994124  1.73923  0.983674
98.938  0.994118  1.74118  0.983615
98.9868  0.994111  1.74313  0.983556
99.0356  0.994104  1.74509  0.983496
99.0845  0.994098  1.74706  0.983436
99.1333  0.994091  1.74904  0.983375
99.1821  0.994084  1.75103  0.983314
99.231  0.994078  1.75302  0.983253
99.2798  0.994071  1.75502  0.983191
99.3286  0.994064  1.75703  0.983128
99.3774  0.994057  1.75905  0.983065
99.4263  0.99405  1.76107  0.983002
99.4751  0.994044  1.7631  0.982937
99.5239  0.994037  1.76514  0.982872
99.5728  0.99403  1.76719  0.982806
99.6216  0.994023  1.76924  0.982739
99.6704  0.994016  1.7713  0.982672
99.7192  0.994009  1.77337  0.982603
99.7681  0.994002  1.77545  0.982533
99.8169  0.993995  1.77753  0.982462
99.8657  0.993988  1.77962  0.98239
99.9146  0.993981  1.78171  0.982317
99.9634  0.993974  1.78382  0.982242
